# callgrind format
version: 1
creator: callgrind-3.25.1
pid: 48882
cmd:  ./../pearson ../data/128.data ../data_o/128_seq.data
part: 1


desc: I1 cache: 32768 B, 64 B, 8-way associative
desc: D1 cache: 49152 B, 64 B, 12-way associative
desc: LL cache: 25165824 B, 64 B, 12-way associative

desc: Timerange: Basic block 0 - 8250
desc: Trigger: Program termination

positions: instr line
events: Ir Dr Dw I1mr D1mr D1mw ILmr DLmr DLmw Bc Bcm Bi Bim
summary: 33701 5590 1340 364 164 103 364 164 103 7662 842 25 17


ob=(1) /usr/lib/ld-linux-x86-64.so.2
fl=(46) /usr/src/debug/glibc/glibc/elf/../elf/dl-tls.c
fn=(144) _dl_count_modids
0x132c0 226 1 0 0 1 0 0 1
+4 +2 1 1
+7 * 1 0 0 0 0 0 0 0 0 1
+2 +1 1 1 0 0 1 0 0 1
+7 +15 1
+3 * 1 1

fl=(53) /usr/src/debug/glibc/glibc/elf/dl-misc.c
fn=(172) _dl_name_match_p
0xc950 68 2 0 0 1 0 0 1
+4 * 2 0 2
+1 * 2
+3 * 2 0 2
+2 * 2
+3 * 2 0 2
+1 * 2
+3 +1 2 2
+4 * 2 0 2
cfi=(33) /usr/src/debug/glibc/glibc/string/../sysdeps/x86_64/multiarch/../multiarch/strcmp-sse2.S
cfn=(100) strcmp
calls=2 0x26880 +29 
* * 68 13 0 0 0 0 0 0 0 8 5 1
+5 * 2
+2 +1 2
+5 -1 2 0 0 0 0 0 0 0 0 2
+2 +3 2 2
+4 +2 2
+3 * 2 0 0 0 0 0 0 0 0 2 2
+6 +4 3 3
+4 -4 3
+3 * 3 0 0 0 0 0 0 0 0 3 2
+2 +1 3 3 0 1 0 0 1
+3 * 3
+3 * 3 0 3
cfi=(33)
cfn=(100)
calls=3 0x26880 +23 
* * 93 20 0 0 0 0 0 0 0 11 6 1
+5 * 3
+2 * 3 0 0 0 0 0 0 0 0 3 3
+18 +6 2 2
+1 -1 2
+2 +1 2 2
+2 * 2 2
+1 * 2 2

fl=(23) /usr/src/debug/glibc/glibc/elf/../misc/sbrk.c
fn=(64) sbrk
0x24380 37 1 0 0 1 0 0 1
+4 * 1 0 1
+1 * 1
+3 * 1
+3 * 1
+4 +3 1 1
+7 +18 1
+3 * 1 0 0 0 0 0 0 0 0 1
+2 +4 1
+3 * 1 0 0 0 0 0 0 0 0 1 1
+30 +16 1 1
+1 * 1
+3 * 1 1 0 1 0 0 1

fl=(16) /usr/src/debug/glibc/glibc/elf/../sysdeps/x86/cpu-features.c
fn=(36) init_cpu_features.constprop.0
0x17d00 724 1 0 1 1 0 0 1
+1 +23 1
+2 -23 1
+3 * 1 0 1
+2 * 1 0 1
+2 * 1 0 1
+2 * 1 0 1
+2 * 1 0 1
+1 * 1
+7 +3 1 0 1
+7 +9 1 0 1 0 0 1 0 0 1
+10 -8 1 0 1
+7 +1 1 0 1
+7 +9 1 0 1 0 0 1 0 0 1
+11 +9 1 0 0 1 0 0 1
+2 * 1 0 1
+6 +3 1
+6 * 1 0 0 0 0 0 0 0 0 1
+6 * 1
+6 * 1 0 0 0 0 0 0 0 0 1
+6 * 1
+6 * 1 0 0 0 0 0 0 0 0 1
+6 +6 1
+4 * 1
+4 * 1
+4 * 1
+4 * 1
+3 * 1 0 1 1 0 0 1
cfn=(38) get_common_indices.constprop.0
calls=1 0x16d50 431 
* * 71 10 23 5 0 3 5 0 3 8 1
+5 409 1
+5 * 1
+2 * 1
+2 +1 1
+5 * 1 0 0 0 0 0 0 0 0 1
+2 +1 1
+5 * 1
+2 * 1 0 1
+6 * 1 0 1
+6 * 1 0 1
+6 * 1 0 1
+6 +5 1
+6 * 1 0 0 0 0 0 0 0 0 1
+2 +1 1
+5 * 1 0 0 1 0 0 1
+2 * 1 0 1 0 0 1 0 0 1
+6 * 1 0 1
+6 * 1 0 1
+6 * 1 0 1
+6 +5 1
+6 * 1 0 0 0 0 0 0 0 0 1
+2 +1 1
+5 * 1
+2 * 1 0 1
+6 * 1 0 1
+6 * 1 0 1
+6 * 1 0 1 1 0 0 1
+6 761 1 0 1
cfn=(42) update_active.constprop.0
calls=1 0x17740 90 
* * 196 42 39 18 1 1 18 1 1 21 11
+5 +4 1 1
+6 +42 1 1
+6 -38 1 1
+3 +15 1 1
+3 -18 1
+2 +41 1 0 1
+6 -36 1 1
+3 -5 1
+6 +39 1 1
+7 -39 1 0 1
+6 +3 1
+3 * 1 0 0 0 0 0 0 0 0 1 1
+22 886 1 1 0 1 0 0 1
+7 * 1 0 0 0 0 0 0 0 0 1 1
+6 +65 1 1
+7 * 1 0 0 0 0 0 0 0 0 1
+6 +7 1 1
+7 * 1 0 0 0 0 0 0 0 0 1
+2 +2 1
+3 * 1 0 1
+6 +4 1 0 0 1 0 0 1
+7 * 1 0 0 0 0 0 0 0 0 1
+6 +6 1 1
+7 * 1 0 0 0 0 0 0 0 0 1 1
+14 1126 1
+3 754 1
+6 1126 1
fi=(20) /usr/src/debug/glibc/glibc/elf/../sysdeps/x86/dl-cacheinfo.h
+6 999 1
+2 * 1
+3 * 1
+3 * 1 0 1
+6 * 1
+4 * 1 0 1 1 0 0 1
fe=(16)
+4 751 1
0x17f63 1118 1 1 0 1 0 0 1
+6 * 1
+3 * 1 0 0 0 0 0 0 0 0 1
+2 +1 1
+3 * 1 0 1
+6 +3 1
+3 * 1 0 0 0 0 0 0 0 0 1
+2 +1 1
+3 * 1 0 1 1 0 0 1
+6 +3 1
+2 * 1 0 0 0 0 0 0 0 0 1 1
+14 +7 1 0 1
+7 +1 1 0 1
+6 +1 1 0 1
+6 +1 1 0 1
fi=(20)
+6 850 1
+4 * 1 0 0 0 0 0 0 0 0 1 1
0x18062 953 1 1 0 1 0 0 1
+7 +5 1 0 1
+7 +11 1
+3 -7 1 1
+7 +2 1 0 1 1 0 0 1
+7 +5 1
+5 -16 1 0 1 0 0 1 0 0 1
+7 +1 1 1
+7 +15 1
+4 -10 1 0 1
+7 -5 1 0 1
+7 +1 1 1
+7 +5 1 0 1
+7 -5 1 0 1
+7 +1 1 1 0 1 0 0 1
+7 +5 1 0 1
+7 -5 1 0 1
+7 +1 1 1
+7 +5 1 0 1
+7 -5 1 0 1
+7 +6 1 0 1
+7 +37 1 1
+7 * 1 0 0 0 0 0 0 0 0 1
+2 -17 1 1
+4 * 1
+2 * 1
+3 +8 1 0 0 1 0 0 1
+3 * 1
+4 +29 1
+10 * 1
+5 * 1
+3 * 1
+4 * 1
+7 * 1
+4 +9 1
+7 * 1 0 0 0 0 0 0 0 0 1 1
+42 +20 1 1 0 1 0 0 1
+7 * 1
+5 +13 1
+3 * 1
+5 -13 1
+4 +6 1
+4 * 1
+4 +7 1
+2 * 1 0 1
cfi=(11) /usr/src/debug/glibc/glibc/elf/dl-tunables.c
cfn=(28) __tunable_get_val
calls=1 0x14cf0 438 
* * 17 4 1 0 2 0 0 2 0 3 1
+5 * 1 1 0 1 0 0 1
+4 +5 1
+3 * 1
+5 -3 1
+3 * 1 1
+8 +3 1
+2 * 1 0 1
cfi=(11)
cfn=(28)
calls=1 0x14cf0 438 
* * 17 4 1 0 2 0 0 2 0 3 1
+5 * 1 1
+4 +80 1 1
+4 -68 1
+3 -4 1
+7 +4 1
+5 -10 1
+3 +78 1
+4 * 1 1 0 1 0 0 1
+8 -72 1 1
+7 * 1
+4 +72 1 0 1
+7 -68 1
+2 +68 1 0 1
+4 -72 1 0 1
+7 +4 1 0 1
cfi=(11)
cfn=(28)
calls=1 0x14cf0 438 
* * 17 4 1 0 2 0 0 2 0 3 1
+5 * 1 1
+4 +5 1
+3 -4 1
+10 +4 1
+5 -4 1 0 0 1 0 0 1
+7 * 1
+3 +55 1
+4 -51 1
+2 +51 1 0 1
+7 -51 1 0 1
cfi=(11)
cfn=(28)
calls=1 0x14cf0 438 
* * 17 4 1 0 2 0 0 2 0 3 1
+5 * 1 1
+4 +5 1
+3 -4 1
+10 +4 1
+5 -4 1
+7 * 1
+3 +37 1 1
+8 -33 1 0 0 1 0 0 1
+2 +33 1 0 1
+7 * 1 0 1
+7 -33 1 0 1
cfi=(11)
cfn=(28)
calls=1 0x14cf0 438 
* * 17 4 1 0 2 0 0 2 0 3
+5 * 1 1
+4 +7 1
+3 -6 1 1
+7 +6 1
+5 +42 1
+4 -42 1
+2 +42 1 0 1
+7 -42 1 0 1
cfi=(11)
cfn=(28)
calls=1 0x14cf0 438 
* * 17 4 1 0 2 0 0 2 0 3
+5 +2 1 1 0 1 0 0 1
+7 -2 1 1
+4 +2 1 1
+7 * 1 0 0 0 0 0 0 0 0 1
+6 -2 1 0 1
+7 +26 1 0 1
+4 * 1 1
+4 * 1
+4 * 1
+3 * 1
+5 * 1 0 1
+8 * 1 0 1
+8 * 1 0 1 1 0 0 1
+8 * 1 0 1
cfi=(11)
cfn=(58) __GI___tunable_set_val
calls=1 0x14660 162 
* * 39 7 4 4 0 0 4 0 0 6 1
+5 +6 1 1
+7 * 1 0 0 0 0 0 0 0 0 1
+6 +3 1 1
+4 * 1
+4 * 1
+3 * 1
+5 * 1 1
+7 * 1 0 1
+8 * 1 0 1
+8 * 1 0 1 1 0 0 1
+4 * 1 0 1
+8 * 1 0 1
cfi=(11)
cfn=(58)
calls=1 0x14660 162 
* * 39 7 4 0 0 0 0 0 0 6 1
+5 +2 1 1
+4 * 1
+4 * 1
+3 * 1
+5 * 1 0 1
+8 * 1 0 1
+8 * 1 0 1
+8 * 1 0 1
+4 * 1 0 1
cfi=(11)
cfn=(58)
calls=1 0x14660 162 
* * 39 7 4 0 0 0 0 0 0 6 1
+5 +1 1 1 0 1 0 0 1
+7 * 1 1
+4 * 1
+4 * 1
+5 * 1 0 1
+8 * 1 0 1
+4 * 1
+3 * 1 0 1
+8 * 1 0 1
+8 * 1 0 1
cfi=(11)
cfn=(58)
calls=1 0x14660 162 
* * 39 7 4 0 0 0 0 0 0 6 1
+5 +1 1 0 1
+4 * 1 1
+4 * 1 0 0 1 0 0 1
+10 * 1 0 1
+4 * 1
+4 * 1
+3 * 1
+5 * 1
+3 * 1 0 1
+8 * 1 0 1
+8 * 1 0 1
cfi=(11)
cfn=(58)
calls=1 0x14660 162 
* * 39 7 4 0 0 0 0 0 0 6
+5 +3 1
+4 * 1
+3 * 1 0 1
+4 * 1 1 0 1 0 0 1
+7 * 1
+5 * 1 0 1
+8 * 1 0 1
+8 * 1 0 1
+4 * 1
+3 * 1 0 1
cfi=(11)
cfn=(58)
calls=1 0x14660 162 
* * 39 7 4 0 0 0 0 0 0 6
+5 +9 1 1
fe=(16)
+4 -7 1
fi=(20)
+2 +9 1 1
+7 +2 1 1
+7 -1 1 1
fe=(16)
+7 -10 1 0 0 1 0 0 1
fi=(20)
+7 +6 1 0 1
+7 +1 1 0 1
+7 +1 1 1
+7 +1 1 0 1
fe=(16)
+7 -9 1
fi=(20)
+3 +11 1 0 1
+7 -1 1 0 1
+7 -2 1 0 1
+7 +4 1 0 1 1 0 0 1
fe=(16)
+7 -12 1 0 1
cfi=(11)
cfn=(28)
calls=1 0x14cf0 438 
* * 16 3 1 0 2 0 0 2 0 2 2
+5 +3 1
+7 * 1
+3 * 1
+5 * 1 0 1
cfi=(11)
cfn=(28)
calls=1 0x14cf0 438 
* * 18 4 1 0 0 0 0 0 0 3 2
+5 +9 1 1
+6 +4 1 1
+6 -4 1
+5 * 1 0 0 0 0 0 0 0 0 1 1
+97 +55 1 1 0 1 0 0 1
+7 -1 1 0 1
+11 +1 1 0 0 0 0 0 0 0 0 1 1
+6 +45 1
+7 * 1
+3 * 1
+5 * 1 0 1
cfi=(11)
cfn=(28)
calls=1 0x14cf0 438 
* * 16 3 1 0 2 0 0 2 0 2 2
+5 +2 1
+7 * 1 0 0 1 0 0 1
+3 * 1
+5 * 1 0 1
cfi=(11)
cfn=(28)
calls=1 0x14cf0 438 
* * 16 3 1 0 1 0 0 1 0 2 2
+5 +4 1 1
+8 * 1 0 0 0 0 0 0 0 0 1
+6 +3 1 1
+7 * 1 0 0 0 0 0 0 0 0 1
+6 * 1
+7 * 1
+7 +3 1 0 1 0 0 1 0 0 1
+7 +35 1
+3 * 1
+7 * 1
+5 -32 1 0 1
+7 +32 1 0 1
cfi=(11)
cfn=(28)
calls=1 0x14cf0 438 
* * 18 4 1 0 2 0 0 2 0 3 2
+5 +7 1
+7 * 1 1
+1 * 1 1
+2 * 1 1
+2 * 1 1
+2 * 1 1
+2 * 1 1
+1 * 1 1
fi=(20)
+7 1035 1 0 0 1 0 0 1
+3 * 1 0 0 0 0 0 0 0 0 1
+2 * 1 0 1
+11 +3 1 0 0 1 0 0 1
+5 +1 1 0 1
+11 * 1
fe=(16)
+8 1165 1
+2 +1 1
+3 -1 1
+6 +1 1
+2 * 1 0 0 0 0 0 0 0 0 1 1
+75 +45 1 1 0 1 0 0 1
+6 * 1
+5 * 1 0 0 0 0 0 0 0 0 1 1
+23 +27 1 0 1
+7 * 1
+23 -10 1 0 0 1 0 0 1
+2 * 1
+5 * 1 0 0 0 0 0 0 0 0 1
+6 +1 1 1 0 1 0 0 1
+6 * 1
+2 * 1
+5 * 1 0 0 0 0 0 0 0 0 1
+6 +6 1
+7 -3 1 1
+7 * 1 0 0 0 0 0 0 0 0 1 1
fi=(20)
0x186e0 852 1 0 0 1 0 0 1
+5 * 1 0 1
+7 * 1 0 1
cfn=(50) handle_intel.constprop.0
calls=1 0x17650 255 
* * 465 51 20 13 6 0 13 6 0 110 31
+5 +1 1
+5 -1 1 0 1
+7 +1 1 0 1 1 0 0 1
cfn=(50)
calls=1 0x17650 255 
* * 532 51 20 0 0 0 0 0 0 130 28
+5 +4 1
+5 -4 1
+3 * 1 0 1
+4 +1 1 0 1
+4 +3 1 0 1
cfn=(50)
calls=1 0x17650 255 
* * 482 51 20 0 0 0 0 0 0 114 12
+5 +2 1
+5 -2 1 0 1
+7 +2 1 0 1
cfn=(50)
calls=1 0x17650 255 
* * 474 51 20 1 0 0 1 0 0 116 9
+5 +3 1
+5 -3 1 0 1
+7 +1 1 1
+7 * 1 0 1 1 0 0 1
+7 +2 1 0 1
cfn=(50)
calls=1 0x17650 255 
* * 455 51 20 0 0 0 0 0 0 111 12
+5 +2 1
+5 -2 1 0 1
+7 +2 1 0 1
cfn=(50)
calls=1 0x17650 255 
* * 457 51 20 0 0 0 0 0 0 112 10
+5 +2 1
+5 -2 1 0 1
+7 +2 1 0 1
cfn=(50)
calls=1 0x17650 255 
* * 507 51 20 0 0 0 0 0 0 122 17
+5 +2 1
+5 -2 1 0 1
+4 +2 1 0 1
cfn=(50)
calls=1 0x17650 255 
* * 497 51 20 0 0 0 0 0 0 123 10
+5 +2 1
+5 -2 1 0 1 1 0 0 1
+7 +2 1 0 1
cfn=(50)
calls=1 0x17650 255 
* * 499 51 20 0 0 0 0 0 0 124 9
+5 +3 1
+5 -2 1 0 1
+7 -1 1 0 1
+7 +3 1 0 1
cfn=(50)
calls=1 0x17650 255 
* * 522 51 20 0 0 0 0 0 0 131 15
+5 +2 1
+5 -2 1 0 1
+7 +2 1 0 1
cfn=(50)
calls=1 0x17650 255 
* * 524 51 20 0 0 0 0 0 0 132 9
+5 +2 1
+5 -2 1
+3 +2 1 0 1
cfn=(50)
calls=1 0x17650 255 
* * 525 51 20 0 0 0 0 0 0 131 11
+5 +2 1 1 0 1 0 0 1
+4 * 1
+4 * 1
+4 * 1
+4 -2 1 0 1
+7 +2 1 0 1
+7 * 1 0 1
cfn=(56) get_common_cache_info.constprop.0
calls=1 0x16ef0 613 
* * 225 24 19 13 0 0 13 0 0 43 13
+5 990 1 1
+4 -6 1 1
+4 * 1 1
+7 * 1 1
+7 +6 1
+4 -6 1 0 1 1 0 0 1
+7 * 1 1
+7 +6 1
+3 * 1
+4 -6 1 0 1
+4 * 1 1
+7 +6 1
+4 * 1 1
+7 * 1 1
+7 -1 1
+4 * 1
fe=(16)
0x18e30 -96 1 0 0 1 0 0 1
+3 * 1 0 1
+6 +4 1
0x18f38 771 1 1 0 1 0 0 1
+3 * 1
+3 * 1 0 1 1 0 0 1
+3 563 1
+6 * 1 0 0 0 0 0 0 0 0 1
+6 * 1
+7 * 1 1 0 0 1 0 0 1
+5 777 1
+4 * 1 0 0 0 0 0 0 0 0 1
+6 * 1 0 0 0 0 0 0 0 0 1
+6 * 1
+4 * 1 0 0 0 0 0 0 0 0 1 1
0x190c8 +37 1 0 0 1 0 0 1
+3 * 1 0 0 0 0 0 0 0 0 1
+2 +3 1
+7 * 1 0 1
+7 +94 1 0 1
+11 +1 1
+6 * 1

fn=(38)
0x16d50 431 1 0 1 1 0 0 1
+1 * 1
+3 * 1 0 1
+1 +4 1
+3 * 1 0 0 0 0 0 0 0 0 1
+2 * 1
+3 * 1
+3 +3 1
+5 * 1
+2 * 1 0 1 0 0 1 0 0 1
+6 +5 1
+2 * 1
+3 -5 1 0 1
+6 +5 1
+3 -5 1 0 1 1 0 0 1
+6 +4 1 0 1
+6 +1 1 0 1
+2 +1 1
+2 * 1
+3 * 1
+3 * 1 0 1
+2 +1 1
+2 * 1
+3 * 1
+6 * 1 0 1
+3 +1 1
+2 * 1
+3 * 1 0 1
+3 +1 1 1
+3 * 1 0 0 0 0 0 0 0 0 1
+6 +7 1 1
+7 * 1 0 0 0 0 0 0 0 0 1
+6 +2 1 0 0 1 0 0 1
+5 * 1
+2 * 1
+2 * 1 0 1
+6 +5 1
+5 -5 1 0 1
+6 +5 1
+5 -5 1 0 1
+6 * 1 0 1
+6 +5 1
+2 +7 1 1
+7 -7 1 0 1 0 0 1 0 0 1
+6 * 1 0 1
+6 * 1 0 1 1 0 0 1
+6 * 1 0 1
+6 +7 1 0 0 0 0 0 0 0 0 1
+2 +1 1
+5 * 1
+5 * 1
+2 +6 1 1
+7 -6 1 0 1 0 0 1 0 0 1
+6 * 1 0 1
+6 * 1 0 1
+6 * 1 0 1
+6 +6 1 0 0 0 0 0 0 0 0 1 1
fi=(17) /usr/src/debug/glibc/glibc/elf/../sysdeps/unix/sysv/linux/x86/dl-minsigstacksize.h
+77 24 1 1 0 1 0 0 1
+8 * 1 0 0 0 0 0 0 0 0 1
+2 +3 1 1
+7 * 1 0 0 0 0 0 0 0 0 1
+2 +1 1 1
+7 * 1 0 0 0 0 0 0 0 0 1
+2 +37 1
+5 * 1
+2 * 1
+2 +9 1
+6 * 1 0 1
fe=(16)
+7 490 1 1
+4 * 1 1
+1 * 1 1

fn=(42)
0x17740 90 1 0 1 1 0 0 1
+1 * 1
+3 * 1 0 1
+2 * 1 0 1
+2 * 1 0 1
+2 * 1 0 1
+2 * 1 0 1
+1 * 1
+4 +4 1 1
+6 +37 1 1
+7 -9 1 1
+7 -18 1 1
+6 -1 1
+2 -1 1
+2 +25 1
+2 -14 1 1
+7 -10 1
+6 -1 1 0 0 1 0 0 1
+6 * 1 1
+6 +25 1
+6 -24 1
+2 +27 1
+3 -26 1 0 1
+6 +17 1
+3 +6 1
+2 +7 1
+3 -22 1
+5 +18 1
+7 -18 1 1
+6 +18 1 1
+7 +4 1 0 0 1 0 0 1
+6 -7 1 0 1
+6 +7 1 1
+6 -7 1 0 1
+6 -6 1
+6 +13 1 0 1
+6 -13 1 1
+6 -9 1 0 1
+6 +18 1 0 1
+7 +4 1 0 1
+6 +1 1 1
+6 +7 1 1 0 1 0 0 1
+7 +5 1 1
+7 -8 1
+2 -4 1 0 1
+6 +13 1 1 0 0 1 0 0 1
+6 -9 1
+6 * 1 1
+6 +7 1
+3 -7 1 0 1
+6 * 1
+3 +1 1 1
+6 +8 1
+3 * 1 0 1 1 0 0 1
+6 +3 1
+3 -5 1
+7 * 1 1
+7 -6 1
+6 * 1 0 1
+6 +1 1 1
+6 +10 1
+6 * 1
+2 -5 1 0 1
+7 -5 1
+6 * 1 0 1
+6 +6 1 0 0 1 0 0 1
+3 * 1
+6 * 1 1
+6 +4 1
+7 * 1
+3 -4 1 0 1
+6 +4 1 0 1
+6 +14 1
+2 * 1 0 0 0 0 0 0 0 0 1
+6 -2 1 0 1
+10 +6 1
+3 * 1
+6 * 1 0 0 1 0 0 1
+2 * 1 0 1
+6 * 1 0 1
+6 +1 1
+2 * 1
+3 * 1 0 1
+6 +2 1
+2 * 1
+2 * 1 0 0 0 0 0 0 0 0 1 1
+6 +91 1 1
+6 -1 1
+2 * 1 0 0 0 0 0 0 0 0 1 1
0x17950 +17 1 1 0 1 0 0 1
+6 * 1
+2 * 1
+5 * 1 0 0 0 0 0 0 0 0 1
+6 +16 1 1
+7 * 1 0 0 0 0 0 0 0 0 1 1
+16 +4 1 0 1 1 0 0 1
+10 +1 1 1
+6 +3 1
+3 * 1
+4 * 1 1
+7 * 1 0 1
+7 +4 1
+3 * 1 0 0 0 0 0 0 0 0 1 1
fi=(18) /usr/src/debug/glibc/glibc/elf/../sysdeps/x86/get-isa-level.h
+2 30 1 1
fe=(16)
+6 389 1
+4 * 1 0 0 0 0 0 0 0 0 1 1
+9 +4 1 1
+6 * 1
+3 * 1 0 0 1 0 0 1 0 0 1 1
fi=(19) /usr/src/debug/glibc/glibc/elf/../sysdeps/unix/sysv/linux/x86/dl-hwcap2.h
+34 25 1 1
+7 * 1 0 0 0 0 0 0 0 0 1 1
fi=(18)
+13 +6 1
+2 -3 1
+2 +3 1
+5 * 1 0 0 0 0 0 0 0 0 1 1
fe=(16)
+6 402 1 0 1
+6 +1 1
+4 * 1 1
+1 * 1 1
+2 * 1 1
+2 * 1 1
+2 * 1 1
+2 * 1 1
+1 * 1 1
+7 -92 1 0 0 1 0 0 1
+5 * 1
+2 * 1
+2 +1 1
+2 * 1 0 0 0 0 0 0 0 0 1
+6 +5 1
+6 -1 1
+3 +10 1
+3 -6 1
+2 +2 1 0 1 1 0 0 1
+6 -2 1 0 1
+7 +3 1 0 1 0 0 1 0 0 1
+7 +3 1 0 0 0 0 0 0 0 0 1 1
fi=(18)
0x17b00 32 1 1 0 1 0 0 1
+6 * 1
+3 * 1 0 0 0 0 0 0 0 0 1
+6 +7 1 1
+6 * 1
+2 * 1
+2 * 1
+6 * 1 0 0 0 0 0 0 0 0 1
+6 +1 1 1
+6 * 1
+3 * 1 0 0 0 0 0 0 0 0 1
+6 +8 1
+2 -1 1
+5 +1 1
+5 * 1 0 0 1 0 0 1 0 0 1
+6 +3 1 1
+6 * 1
+2 * 1
+6 * 1 0 0 0 0 0 0 0 0 1
+6 +3 1
+3 * 1 0 0 0 0 0 0 0 0 1
+6 +9 1
+6 * 1
+5 * 1
+5 * 1
+3 * 1
fe=(16)
+74 176 1 0 0 1 0 0 1
+6 * 1 0 0 0 0 0 0 0 0 1
+2 +6 1
+4 * 1 0 0 0 0 0 0 0 0 1 1
+6 +14 1
+3 +12 1
+6 * 1 1
+6 -30 1 0 1
+10 +18 1
+5 +12 1
+6 -12 1
+3 +12 1 0 1
+6 -12 1 0 1 1 0 0 1
+6 +2 1
+3 * 1
+3 * 1 1
+6 * 1 0 1
+6 +6 1
+3 * 1
+5 * 1
+3 * 1 0 1
+6 +2 1 1
+6 * 1
+5 * 1
+3 * 1 0 1
+6 +7 1 1 0 1 0 0 1
+6 * 1
+2 * 1
+2 * 1 0 0 0 0 0 0 0 0 1 1
0x17ce0 -24 1 0 1 1 0 0 1
+10 -5 1
+3 * 1 0 1
+6 +4 1

fl=(45) /usr/src/debug/glibc/glibc/elf/dl-debug.c
fn=(142) _dl_debug_initialize
0x36b0 120 1 0 0 1 0 0 1
+4 -44 1
+3 * 1 0 0 0 0 0 0 0 0 1
+2 +46 1 1 0 1 1 0 1 1
+8 * 1 0 0 0 0 0 0 0 0 1
+2 +5 1
+3 * 1 0 0 0 0 0 0 0 0 1
+2 * 1 0 1
+7 +1 1
+7 +26 1 0 1
+10 -26 1 0 1
+7 +29 1 1
+8 * 1 0 0 0 0 0 0 0 0 1 1
+6 -37 1
+7 +49 1
+3 * 1 1
0x3778 -9 1 1 0 1 0 0 1
+7 * 1 0 1 1 0 0 1
+7 +2 1 1
+7 * 1
+3 * 1 0 0 0 0 0 0 0 0 1 1

fn=(148) _dl_debug_change_state
0x3670 104 1 0 0 1 0 0 1
+4 +3 1
+7 -2 1 0 1
+3 +2 1
+3 * 1 0 0 0 0 0 0 0 0 1 1
+2 +4 1
cfi=(48) /usr/src/debug/glibc/glibc/elf/dl-debug_state.c
cfn=(150) _dl_debug_state
calls=1 0x37c0 -83 
* * 2 1 0 1 0 0 1
+13 -4 1 1
+7 * 1
+3 * 1 0 0 0 0 0 0 0 0 1 1

fl=(14) /usr/src/debug/glibc/glibc/elf/../sysdeps/unix/sysv/linux/brk.c
fn=(30) brk
0x23a50 36 1 0 0 1 0 0 1
fi=(56) /usr/src/debug/glibc/glibc/elf/../sysdeps/unix/sysv/linux/brk_call.h
+4 -12 1
+5 * 1
fe=(14)
+2 +13 1 0 1 0 0 1 0 0 1
+7 +1 1
+3 * 1 0 0 0 0 0 0 0 0 1
+2 +6 1
+2 +1 1 1

fl=(33)
fn=(100)
0x26880 98 7 0 0 1 0 0 1
+4 +33 7
+2 +1 7
+2 +2 7
+4 +1 7
+4 +21 7
+3 +1 7 0 0 0 0 0 0 0 0 7 2
+2 +1 5
+3 +1 5 0 0 0 0 0 0 0 0 5 1
+2 +1 4 4
+4 +1 4 4
+4 +1 4 4
+5 +1 4 4
+5 +17 4
+4 +1 4
+4 +1 4
+4 +1 4
+4 +1 4
+4 +1 4
+6 +1 4 0 0 0 0 0 0 0 0 4 4
+26 +15 3 0 0 1 0 0 1
+4 +1 3
+4 +1 3
+5 +1 3
+3 +1 3
+3 +1 3
+3 +1 3
+2 +1 3 0 0 0 0 0 0 0 0 3
+2 +1 3 0 0 0 0 0 0 0 0 3 2
+2 +1 1
+3 +1 1
+1 +1 1 0 0 1 0 0 1
+3 +2 1
+4 +1 1
+3 +1 1
+7 +1 1 1 0 0 1 0 0 1
+4 +1 1
+4 +1 1 0 0 0 0 0 0 0 0 0 0 1 1
-22 -5 2
+4 +1 2
+3 +1 2
+7 +1 2 2
+4 +1 2
+4 +1 2 0 0 0 0 0 0 0 0 0 0 2
0x27780 1613 3 0 0 1 0 0 1
+4 +1 3 3 0 0 1 0 0 1
+4 +1 3 3 0 0 1 0 0 1
+4 +1 3
+4 +1 3
+5 +2 3
+4 +1 3
+4 +1 3
+5 +1 3
+2 +1 3
+3 +1 3
+3 +1 3 0 0 0 0 0 0 0 0 3 3
0x27c85 2095 3 0 0 1 0 0 1
+4 +1 3
+4 +1 3
+3 +1 3 0 0 0 0 0 0 0 0 3 2
+2 +1 1
+3 * 1
+11 +5 1
+4 +6 1 1
+4 +1 1 1
+4 +8 1
+2 +1 1 1
-14 -16 6
+4 +6 6 6
+4 +1 6 6
+4 +8 6
+2 +1 6 6

fl=(27) /usr/src/debug/glibc/glibc/elf/dl-minimal-malloc.c
fn=(78) __minimal_malloc
0xc630 36 6 0 0 1 0 0 1
+4 +1 6 6
+7 * 6
+3 * 6 0 0 1 0 0 1 0 0 6 1
+6 +11 5 5
+7 * 5
+4 * 5
+4 +3 5
+4 -3 5 0 5
+7 +3 5
+3 * 5 0 0 0 0 0 0 0 0 5
-22 -3 1
+4 * 1
+4 +3 1
+4 -3 1 0 1
+7 +3 1
+3 * 1 0 0 0 0 0 0 0 0 1
+2 * 6
+3 * 6
+3 * 6
+3 * 6 0 0 0 0 0 0 0 0 6 6
0xc720 +19 6 0 6 0 0 1 0 0 1
+7 +1 6 0 6
+7 +2 6 6
+2 -30 1 1 0 1 0 0 1
+7 -1 1
+7 +1 1 0 0 1 0 0 1
+5 +1 1
+3 * 1
+3 -2 1 0 1
+7 * 1

fn=(74) __minimal_calloc
0xc780 80 1 0 0 1 0 0 1
+4 +4 1
+3 -4 1
+3 * 1
+3 * 1
+3 * 1
+3 +7 1
+3 +1 1
+4 * 1
+3 * 1 0 0 0 0 0 0 0 0 1 1
fi=(28) /usr/src/debug/glibc/glibc/elf/../include/rtld-malloc.h
+7 -32 1 1 0 0 0 0 0 0 0 0 0 1 1
cfi=(27)
cfn=(78)
calls=1 0xc630 -20 
* * 24 3 4 4 0 1 4 0 1 3 2
fe=(27)

fl=(1) ???
fn=(0) 0x000000000001eb40
0x1eb40 0 1 0 0 1 0 0 1
+3 0 1 0 1 0 0 1 0 0 1
cfi=(2) /usr/src/debug/glibc/glibc/elf/rtld.c
cfn=(2) _dl_start
calls=1 0x1f690 520 
* 0 33699 5590 1339 363 164 102 363 164 102 7662 842 25 17

fl=(44) /usr/src/debug/glibc/glibc/string/../sysdeps/x86_64/multiarch/../multiarch/memset-vec-unaligned-erms.S
fn=(140) memset
0x25eb0 137 1 0 0 1 0 0 1
+4 +1 1
+4 * 1
+3 * 1
+4 * 1 0 0 1 0 0 1
+4 * 1
+5 +5 1
+4 +1 1 0 0 0 0 0 0 0 0 1 1
0x25f50 354 1 0 0 1 0 0 1
+5 +2 1
+3 +1 1 0 0 0 0 0 0 0 0 1 1
+24 +39 1 0 1
+3 +1 1 0 1
+5 +2 1 1

fl=(50) /usr/src/debug/glibc/glibc/string/../string/strcspn.c
fn=(156) strcspn
0x27d00 32 1 0 0 1 0 0 1
+4 * 1 0 1
+1 * 1
+3 * 1
+3 * 1
+7 +1 1 1 0 0 1 0 0 1
+3 * 1
+2 * 1 0 0 0 0 0 0 0 0 1
+6 +1 1 1
+4 * 1 0 0 0 0 0 0 0 0 1
+6 +5 1
+4 * 1
+7 * 1 0 1 0 0 1 0 0 1
+7 * 1 0 1
+7 * 1 0 1 1 0 0 1
+7 * 1 0 1
+7 +1 1 0 1 0 0 1 0 0 1
+7 * 1 0 1
+7 * 1 0 1
+7 * 1 0 1
+7 +1 1 0 1 0 0 1 0 0 1
+4 * 1 0 1
+4 * 1 0 1
+4 * 1 0 1
+4 +1 1 0 1 0 0 1 0 0 1
+4 * 1 0 1 1 0 0 1
+4 * 1 0 1
+4 * 1 0 1
+4 +2 1
+6 +3 1 1
+3 * 1
+4 * 1 0 1
+4 +1 1
+2 * 1 0 0 0 0 0 0 0 0 1 1
-13 -1 2 2
+3 * 2
+4 * 2 0 2
+4 +1 2
+2 * 2 0 0 0 0 0 0 0 0 2 1
+2 +3 1 1
+4 * 1
+2 * 1 1
+8 * 1 0 0 0 0 0 0 0 0 1
+6 +1 1 1
+5 * 1
+5 * 1 1 0 1 0 0 1
+8 * 1 0 0 0 0 0 0 0 0 1
+2 +1 1 1
+5 * 1
+5 * 1 1
+8 * 1 0 0 0 0 0 0 0 0 1
+2 +1 1 1
+5 * 1
+5 * 1 1
+8 * 1 0 0 0 0 0 0 0 0 1
+2 +2 1
+3 * 1
+4 * 1
+10 +6 1 1 0 1 0 0 1
+4 -1 1
+4 +1 1 1
+4 +2 1 1
+4 * 1 1
+4 -1 1 1
+4 * 1 1
+5 +2 1 1
+4 +2 1 1
+5 * 1
+3 * 1
+3 * 1
+3 * 1
+3 * 1 0 0 0 0 0 0 0 0 1 1
-50 -5 11 11 0 0 1 0 0 1
+4 -1 11
+4 +1 11 11
+4 +2 11 11
+4 * 11 11
+4 -1 11 11
+4 * 11 11
+5 +2 11 11
+4 +2 11 11
+5 * 11
+3 * 11
+3 * 11
+3 * 11
+3 * 11 0 0 0 0 0 0 0 0 11 9
+2 +2 1
+3 +1 1
+3 * 1 0 0 0 0 0 0 0 0 1
+2 * 1
+4 * 1 0 0 1 0 0 1
+3 +1 1 1
+1 * 1 1

fl=(52) /usr/src/debug/glibc/glibc/setjmp/../sysdeps/x86_64/setjmp.S
fn=(164) __sigsetjmp
0x25140 31 1 0 0 1 0 0 1
+4 +2 1 0 1
+3 +9 1
+3 +1 1 1
+7 * 1
+4 +1 1 0 1
+4 +4 1 0 1
+4 +1 1 0 1
+4 +1 1 0 1 0 0 1 0 0 1
+4 +1 1 0 1
+4 +1 1
+5 +2 1 1
+7 * 1
+4 +2 1 0 1
+4 +1 1 1 0 1 0 0 1
+4 +1 1
+1 +2 1 1
+7 * 1
+4 +2 1 0 1
+4 +8 1
+2 +3 1
+5 +1 1 0 1
+4 +7 1
+2 +1 1 1

fl=(55) /usr/src/debug/glibc/glibc/io/../sysdeps/unix/sysv/linux/open64_nocancel.c
fn=(186) __open_nocancel
0x24bb0 28 1 0 0 1 0 0 1
+4 * 1 0 1
+1 +3 1
+3 -3 1
+3 * 1
+3 * 1 0 1 1 0 0 1
+4 +3 1
+4 * 1 0 0 0 0 0 0 0 0 1
+2 * 1
+2 * 1
+2 * 1
+6 * 1 0 0 0 0 0 0 0 0 1 1

fl=(43) /usr/src/debug/glibc/glibc/string/../sysdeps/x86_64/multiarch/../multiarch/memcmp-sse2.S
fn=(130) bcmp
0x259e0 59 1 0 0 1 0 0 1
+4 +12 1
+4 +1 1 0 0 0 0 0 0 0 0 1
+6 +22 1
+3 +1 1 0 0 0 0 0 0 0 0 1 1
+47 +45 1 1 0 1 0 0 1
+3 +1 1 1
+3 +2 1
+3 +1 1 0 0 0 0 0 0 0 0 1
+2 +2 1 1
+5 +1 1 1
+5 +2 1
+3 +1 1 0 0 0 0 0 0 0 0 1 1
+24 +47 1 0 0 1 0 0 1
+3 +1 1
+3 +1 1
+3 +1 1
+2 +1 1
+3 +1 1 1

fl=(42) /usr/src/debug/glibc/glibc/string/../sysdeps/x86_64/multiarch/../multiarch/strchr-sse2.S
fn=(126) index
0x26650 32 11 0 0 1 0 0 1
+4 +1 11
+4 +1 11
+2 +1 11
+5 +1 11
+4 +1 11
+5 +1 11
+4 +1 11
+5 +1 11 0 0 0 0 0 0 0 0 11
+6 +1 11 11
+4 +1 11
+4 +1 11 0 0 1 0 0 1
+4 +1 11
+4 +1 11
+4 +1 11
+4 +1 11
+4 +1 11
+2 +1 11 0 0 0 0 0 0 0 0 11 1
+2 +1 10
+3 +4 10
+5 +1 10
+4 +1 10 10
+3 +1 10
+4 +2 10 10
+6 +4 1 1
+5 +1 1
+4 +1 1
+4 +1 1 0 0 1 0 0 1
+4 +1 1
+4 +1 1
+4 +1 1 1
+5 +1 1
+4 +1 1
+4 +1 1
+4 +1 1
+4 +1 1
+4 +1 1
+4 +1 1 1
+5 +1 1
+4 +1 1
+4 +1 1
+4 +1 1
+3 +1 1
+4 +1 1 0 0 1 0 0 1
+4 +1 1
+4 +1 1
+3 +1 1
+3 +1 1 0 0 0 0 0 0 0 0 1 1
0x267c0 +52 1 0 0 1 0 0 1
+4 +4 1
+5 +1 1
+4 +1 1 1
+3 +1 1
+4 +2 1 1

fl=(38) /usr/src/debug/glibc/glibc/elf/dl-hwcaps.c
fn=(114) _dl_important_hwcaps
0x1bf80 171 1 0 0 1 0 0 1
+4 * 1 0 1
+1 * 1
+3 * 1 0 1
+2 * 1
+3 * 1 0 1
+2 * 1
+4 * 1 0 1
+2 +3 1
+3 -3 1 0 1
+2 +3 1
+3 -3 1 0 1
+1 * 1
+3 * 1
+7 * 1 0 1 0 0 1 0 0 1
+4 * 1 0 1
+4 * 1 0 1
+7 +2 1 0 1 0 0 1 0 0 1
cfi=(39) /usr/src/debug/glibc/glibc/elf/../sysdeps/x86_64/dl-hwcaps-subdirs.c
cfn=(116) _dl_hwcaps_subdirs_active
calls=1 0x1c310 29 
* * 36 6 0 3 0 0 3 0 0 7 1
fi=(40) /usr/src/debug/glibc/glibc/elf/./dl-hwcaps.h
+5 43 1 0 1
fe=(38)
+4 173 1 0 1 1 0 0 1
fi=(40)
+3 45 1 0 1
+8 +32 1 0 1
+7 +1 1 0 1
+8 +1 1
fe=(38)
+24 -28 1
+3 * 1 0 1
cfi=(41) /usr/src/debug/glibc/glibc/elf/dl-hwcaps_split.c
cfn=(122) _dl_hwcaps_split_masked
calls=1 0x1c510 * 
* * 20 5 3 3 0 1 3 0 1 2 2
+5 * 1
+2 * 1 0 0 0 0 0 0 0 0 1
fi=(40)
+2 -8 1 0 0 1 0 0 1
+7 +2 1 0 1
+8 -2 1 0 1
+4 +34 1 1
+3 * 1 0 1
+3 +1 1 1
+4 * 1 0 1
+4 +1 1
fe=(38)
+9 -25 2 2
+4 -1 2
+4 +1 2
+3 +2 2
+3 * 2
+4 -5 2
+3 * 2 0 2
cfi=(41)
cfn=(122)
calls=2 0x1c510 * 
* * 140 28 17 0 0 0 0 0 0 17 5
-3 * 1
+3 * 1 0 1 1 0 0 1
cfi=(41)
cfn=(122)
calls=1 0x1c510 * 
* * 158 30 20 5 1 0 5 1 0 19 3
+5 * 3
+2 * 3 0 0 0 0 0 0 0 0 3 2
+2 +48 1
+3 * 1 0 1
+4 * 1
+4 * 1 0 1
fi=(28)
+7 -43 1
+3 * 1 1 1 0 0 0 0 0 0 0 0 1 1
cfi=(27)
cfn=(78)
calls=1 0xc630 -20 
* * 18 3 3 0 0 0 0 0 0 3 1
fe=(38)
+6 +45 1 1
+4 * 1
+3 -2 1 0 1
+7 +2 1 0 0 0 0 0 0 0 0 1
fi=(40)
+6 -58 1 0 1
+4 * 1
+3 * 1
fe=(38)
+2 +61 1 0 1 1 0 0 1
fi=(40)
+7 -59 1 0 1
+8 * 1 0 1
+4 +1 1
fe=(38)
+45 +65 1 0 0 1 0 0 1
+3 * 1 0 1
cfi=(41)
cfn=(124) _dl_hwcaps_split
calls=1 0x1c3a0 -86 
* * 7 2 0 0 0 0 0 0 0 1 1
+5 * 1
+2 * 1 0 0 0 0 0 0 0 0 1
fi=(40)
+2 -68 1
+3 * 1
+3 +2 1 0 1
+8 -2 1
+3 * 1
+7 * 1 0 1
+4 +34 1 1
+3 * 1 0 1
+3 +1 1 1
+4 * 1 0 1
+4 * 1
+3 * 1
+3 * 1
+3 +1 1
fe=(38)
+3 +47 2 2
+4 * 2
+3 * 2
+4 * 2 2
+7 * 2 0 2
+3 +1 2 2
+4 * 2 0 2
+3 +1 2
+3 +1 2
+4 -1 2 0 2
+3 -4 2
+3 * 2 0 2
cfi=(41)
cfn=(122)
calls=2 0x1c510 -73 
* * 140 28 17 0 0 0 0 0 0 17 5
-3 * 1 0 0 1 0 0 1
+3 * 1 0 1
cfi=(41)
cfn=(122)
calls=1 0x1c510 -73 
* * 158 30 20 0 0 0 0 0 0 19 3
+5 * 3
+2 * 3 0 0 0 0 0 0 0 0 3 2
+2 +8 1
+3 * 1 1
+4 * 1
+3 * 1 0 0 1 0 0 1 0 0 1
+6 +9 1 1
+7 * 1
+4 * 1 0 0 0 0 0 0 0 0 1
+6 +3 1 1
+7 * 1 0 1
+7 * 1
+5 * 1 0 1
+7 * 1 0 1
+4 * 1 0 1
+4 * 1 0 1
+7 * 1 0 1 1 0 0 1
+7 * 1 0 1
+7 * 1
+6 -2 1 1
+4 * 1
+3 * 1 0 1
+4 * 1
+3 * 1
+4 * 1
+4 * 1
+10 +8 1 1
+4 * 1 1
+4 +4 1 1
+4 * 1 1
+3 -4 1 0 0 1 0 0 1
+3 * 1
+3 +4 1
+4 * 1
+3 * 1 0 1
cfi=(43)
cfn=(130)
calls=1 0x259e0 -95 
* * 19 5 0 3 0 0 3 0 0 4 2
+5 +1 1
+2 * 1 0 0 0 0 0 0 0 0 1
+2 +1 1 0 0 0 0 0 0 0 0 1 1
+7 +4 1 1
+5 +1 1 1
+4 * 1
+5 +1 1 0 1
+3 -20 1
+4 * 1
+4 +19 1 0 1
+3 +1 1 0 1
+5 -20 1 0 0 1 0 0 1
+4 * 1 0 0 0 0 0 0 0 0 1
+2 * 1 1
+4 -1 1
+4 * 1 1
+4 * 1 0 0 0 0 0 0 0 0 1
+6 * 1 1
+7 * 1 1
+7 * 1 1
+7 * 1 1
+7 * 1 1
+7 +47 1 1
+4 * 1 0 0 1 0 0 1
+5 * 1 0 1
+4 * 1 0 1 0 0 1 0 0 1
+3 -3 1
+4 +7 1 1
+7 -7 1
+3 +7 1
fi=(28)
+5 56 1 1 1 0 0 0 0 0 0 0 0 1
cfi=(27)
cfn=(78)
calls=1 0xc630 -20 
* * 18 3 3 0 0 0 0 0 0 3 1
+6 * 1
fe=(38)
+3 193 1
+3 * 1 0 0 0 0 0 0 0 0 1
+6 +8 1 1
+4 +1 1
+3 * 1
+3 * 1
+2 * 1
+5 * 1 0 1 1 0 0 1
+4 -1 1 1
+3 * 1
+4 * 1
+3 +1 1 0 1
+4 * 1 0 1
cfn=(134) copy_hwcaps
calls=1 0x1bee0 73 
* * 46 11 13 3 0 1 3 0 1 3 2
+5 +1 1 1
+3 * 1 1
+4 * 1
+3 * 1
+7 * 1 0 1
cfn=(134)
calls=1 0x1bee0 73 
* * 394 82 69 1 0 2 1 0 2 43 11
+5 * 1 1
+4 +4 1 1
+4 -23 1 1
+4 +23 1 0 1
+3 +1 1 0 1 1 0 0 1
+8 -24 1 1
+7 * 1
+4 * 1 0 1
+3 +31 1
+7 * 1
+3 * 1 1
+1 * 1 1
+2 * 1 1
+2 * 1 1
+2 * 1 1
+2 * 1 1
+1 * 1 1

fn=(134)
0x1bee0 73 2 0 2 1 0 0 1
+1 * 2
+3 * 2 0 2
+2 * 2
+3 * 2 0 2
+2 +6 2
+10 -6 2 0 2
+2 +6 2 0 0 1 0 0 1
+10 -6 2 0 2
+1 * 2
fi=(40)
+4 -30 2 0 2
+4 +2 2 0 2
+8 +32 2 0 2
+3 +1 2 0 2
+4 +1 2
fe=(38)
+7 -1 2 2
+4 * 2 2
+3 +1 2 2
+4 * 2 2
+4 -1 2 0 2
+3 +1 2
+4 * 2 0 2 0 0 1 0 0 1
+4 * 2 0 2 0 0 1 0 0 1
+4 * 2 0 2
cfi=(29) /usr/src/debug/glibc/glibc/string/../sysdeps/x86_64/multiarch/memmove-vec-unaligned-erms.S
cfn=(136) mempcpy
calls=2 0x25cb0 197 
* * 26 6 4 1 0 0 1 0 0 4 4
+6 +4 2 0 2
+3 +2 2 2
+4 +2 2
+4 -3 2 2
+3 +1 2
+4 * 2 0 2
+4 +1 2
+4 * 2 0 2
+3 +1 2 0 2
+4 -11 2
+4 * 2 0 2
cfi=(41)
cfn=(122)
calls=2 0x1c510 -25 
* * 140 28 17 0 0 0 0 0 0 17 4
-4 * 2 0 0 1 0 0 1
+4 * 2 0 2
cfi=(41)
cfn=(122)
calls=2 0x1c510 -25 
* * 178 35 23 0 0 1 0 0 1 21 3
+5 * 4
+2 * 4 0 0 0 0 0 0 0 0 4 2
+2 +13 2
+4 * 2 2
+1 * 2 2
+2 * 2 2
+2 * 2 2
+2 * 2 2
+1 * 2 2

fl=(11)
fn=(28)
0x14cf0 438 13 0 0 1 0 0 1
+4 +3 13
+2 * 13
+7 -3 13
+3 +3 13 0 0 1 0 0 1
+7 * 13
+4 * 13 13 0 0 12 0 0 12
+3 * 13
+3 * 13 0 0 0 0 0 0 0 0 13 3
+2 +9 10 10 0 0 8 0 0 8
+4 -9 10
+2 * 10 0 0 0 0 0 0 0 0 10 4
+2 +19 9 0 9
+3 +7 9
+7 * 9 9 0 0 3 0 0 3
+5 * 9 0 0 0 0 0 0 0 0 9 7
-12 * 4
+7 * 4 4
+5 * 4 0 0 0 0 0 0 0 0 4 4
+22 +2 13 13
+8 -19 4 0 4 1 0 0 1
+3 +1 4
+5 +9 3
+5 * 3

fn=(60) do_tunable_update_val
0x14480 73 6 6 0 1 0 0 1
+3 -3 6
+3 * 6
+3 +3 6
+3 * 6 0 0 0 0 0 0 0 0 6
+6 * 6
+2 * 6 0 0 0 0 0 0 0 0 6
+2 +10 6 6
+3 +11 6 6
+4 +1 6 6
+4 -1 6
+3 * 6 0 0 0 0 0 0 0 0 6
+6 * 6 6
+3 +1 6
+3 * 6
+3 * 6 0 0 0 0 0 0 0 0 6
+2 * 6 6
+3 +4 6
+3 * 6
+4 +2 6 0 0 1 0 0 1
+3 * 6
+4 +4 6
+3 -4 6
+4 * 6
+4 +11 6
+3 * 6 0 0 0 0 0 0 0 0 6
+6 +1 6
+3 * 6 0 0 0 0 0 0 0 0 6 4
+68 +3 6 0 6 1 0 0 1
+4 +1 6 0 6
+4 +1 6 0 6
+4 +1 6 0 6
+4 * 6 6

fn=(22) __GI___tunables_init
0x14680 294 1 0 0 1 0 0 1
+4 +6 1 1
+6 * 1
+2 * 1 0 0 0 0 0 0 0 0 1
+6 -6 1 0 1
+1 +10 1
+5 * 1
+2 -10 1
+3 * 1 0 1
+2 * 1 0 1
+2 * 1
+7 * 1 0 1
+2 * 1 0 1
+2 * 1
+3 +10 1
+7 -10 1 0 1
+1 * 1
+7 +10 1 0 1 1 0 1 1 0 1
* * 27 0 26 0 0 3 0 0 3 27 10
+3 +2 1
+4 * 1
+11 43 1
+3 * 1 0 0 0 0 0 0 0 0 1
-3 * 75
+3 * 75 0 0 0 0 0 0 0 0 75
+6 * 76 76
+4 * 76
+3 * 76 0 0 0 0 0 0 0 0 76 1
+6 +6 75 75 0 0 23 0 0 23
+4 -3 75
+4 +3 75
+2 * 75 0 0 0 0 0 0 0 0 75
+6 * 75
+2 * 75 0 0 0 0 0 0 0 0 75
+2 * 75
+5 * 75
+1 * 75 75 0 1 1 0 1 1
+5 * 75
+3 * 75
+4 * 75
+2 * 75 0 0 0 0 0 0 0 0 75
-14 * 892 892 0 0 13 0 0 13
+5 * 892
+3 * 892
+4 * 892
+2 * 892 0 0 0 0 0 0 0 0 892
+2 * 967
+3 * 967 0 0 0 0 0 0 0 0 967 89
+2 +4 75
+2 * 75 0 0 0 0 0 0 0 0 75
+2 +4 75
fi=(12) /usr/src/debug/glibc/glibc/elf/dl-tunables.h
+5 160 75
fe=(11)
+4 57 75
fi=(12)
+3 160 75
fe=(11)
+5 57 75
+7 * 75
+4 * 75
fi=(12)
+11 160 75 75 0 1 0 0 1
+3 +1 75
+2 * 75 0 0 0 0 0 0 0 0 75
-5 -1 2 2
+3 +1 2
+2 * 2 0 0 0 0 0 0 0 0 2
+6 * 77
+3 * 77 0 0 0 0 0 0 0 0 77 7
+6 -1 2
+4 * 2
+4 * 2 2 0 0 1 0 0 1
+3 * 2
+3 * 2 0 0 0 0 0 0 0 0 2 2
fe=(11)
+30 319 675 0 0 1 0 0 1
+7 * 675
+3 * 675 675 0 0 1 0 0 1
+4 +1 675
+7 * 675
+7 * 675
+5 +2 675 675 0 0 9 0 0 9
+3 * 675
+2 * 675 0 0 0 0 0 0 0 0 675 17
+2 -5 675
+4 * 675
+4 * 675 0 0 0 0 0 0 0 0 675 87
+2 * 75
fi=(12)
+14 160 763 763 0 1 0 0 1
+4 +1 763
+3 * 763 0 0 0 0 0 0 0 0 763 52
+2 * 88
+3 * 88 0 0 0 0 0 0 0 0 88
+2 -1 88 88
+4 * 88
+4 * 88
+4 * 88
+2 * 88 0 0 0 0 0 0 0 0 88 10
fe=(11)
+85 340 1 1 0 1 0 0 1
+6 * 1
+3 * 1
+2 * 1 0 0 0 0 0 0 0 0 1
+2 * 1 0 0 1 0 0 1
+7 * 1
+27 +3 9
+4 * 9
+3 * 9 0 0 0 0 0 0 0 0 9 1
+2 +3 9 9
+3 * 9
+3 * 9 0 0 0 0 0 0 0 0 9 4
+64 +9 1 0 0 1 0 0 1
+7 * 1 1
+1 * 1 1
+2 * 1 1
+2 * 1 1
+2 * 1 1
+2 * 1 1
+1 * 1 1
fi=(12)
+8 165 75 0 0 1 0 0 1
+2 * 75
+3 * 75 0 0 0 0 0 0 0 0 75 5
fe=(11)

fn=(58)
0x14660 162 6 0 0 1 0 0 1
+4 +1 6
+2 * 6
+7 * 6
+7 * 6
+3 +2 6
cfn=(60)
calls=6 0x14480 -92 
* * 198 42 24 3 0 0 3 0 0 36 4

fl=(51) /usr/src/debug/glibc/glibc/elf/dl-catch.c
fn=(160) _dl_catch_error
0x2580 258 1 0 0 1 0 0 1
+4 * 1 0 1
+1 * 1
+3 * 1 0 1
+2 * 1
+3 * 1 0 1
+2 +2 1
+4 -2 1
+3 +2 1
+3 -2 1 0 1
+1 * 1
+3 +2 1
+3 -2 1
+4 +2 1 0 1
cfn=(162) _dl_catch_exception
calls=1 0x23b0 -52 
* * 707 134 94 32 3 12 32 3 12 78 34 4 2

fn=(162)
0x23b0 208 1 0 0 1 0 0 1
+4 * 1 0 1
+1 * 1
+3 * 1 0 1
+1 * 1
+7 * 1 0 1 1 0 1 1 0 1
+7 58 1 1 0 0 1 0 0 1
+7 208 1 0 1
+7 * 1 0 1
+7 +3 1
+3 * 1 0 0 0 0 0 0 0 0 1
+6 +21 1 1
+8 * 1
+7 * 1
+5 * 1
+4 * 1 0 1 1 0 1 1 0 1
+7 58 1
+2 * 1 0 0 0 0 0 0 0 0 1 1
+38 239 1
+7 * 1
+2 * 1 0 1
cfi=(52)
cfn=(164)
calls=1 0x25140 31 
* * 24 5 9 2 0 1 2 0 1
+5 * 1
+4 * 1
+2 * 1 0 0 1 0 0 1 0 0 1
+6 +2 1 1
+7 * 1 1
+7 * 1 0 1 0 0 0 0 0 0 0 0 1 1
cfi=(2)
cfn=(166) map_doit
calls=1 0x1ec80 642 
* * 651 124 75 25 1 9 25 1 9 75 33 3 1
+60 59 1 1 0 1 1 0 1 1
+7 * 1 0 1
+7 +11 1
+7 * 1 0 1
+7 * 1

fl=(54) /usr/src/debug/glibc/glibc/string/strdup.c
fn=(182) strdup
0x27e80 40 1 0 0 1 0 0 1
+4 * 1 0 1
+1 * 1
+3 * 1 0 1
+2 * 1
+3 * 1 0 1
+1 +1 1 0 1
cfi=(22) /usr/src/debug/glibc/glibc/string/../sysdeps/x86_64/multiarch/../multiarch/strlen-sse2.S
cfn=(62) strlen
calls=1 +82 +16 
* * 35 5 0 1 0 0 1 0 0 3 1
+5 * 1
fi=(57) /usr/src/debug/glibc/glibc/string/../include/rtld-malloc.h
+4 +15 1
+3 * 1 1 1 0 0 0 0 0 0 0 0 1 1
cfi=(27)
cfn=(78)
calls=1 0xc630 -20 
* * 18 3 3 0 0 0 0 0 0 3 1
fe=(54)
+6 -12 1
+3 * 1 0 0 0 0 0 0 0 0 1
+2 +3 1
+3 * 1
+3 +1 1 1
+1 -1 1
+3 +1 1 1
+2 * 1 1
+1 -1 1
cfi=(29)
cfn=(82) memcpy
calls=1 0x25cc0 210 
* * 19 5 4 0 0 1 0 0 1 4 2

fl=(8) /usr/src/debug/glibc/glibc/elf/dl-setup_hash.c
fn=(14) _dl_setup_hash
0x124f0 25 2 0 0 1 0 0 1
+4 +3 2 2
+7 * 2
+3 * 2 0 0 0 0 0 0 0 0 2
+2 +3 2 2 0 1 0 0 1
+4 * 2 2
+7 * 2 0 0 0 0 0 0 0 0 2
+2 +1 2 2 0 0 2 0 0 2
+2 * 2 0 2
+6 +2 2 2
+3 -1 2 2
+3 +3 2
+4 * 2
+3 * 2 0 0 0 0 0 0 0 0 2
+6 +1 2 0 2
+7 +1 2
+4 * 2 2
+3 +2 2 0 2
+7 -2 2 0 2 1 0 0 1
+6 +3 2
+3 * 2
+4 +4 2
+2 * 2
+3 -2 2 0 2
+7 +2 2
+4 * 2 0 2
+7 +5 2 2

fl=(49) /usr/src/debug/glibc/glibc/elf/dl-audit.c
fn=(152) _dl_audit_activity_map
0x199d0 29 1 0 0 1 0 0 1
+4 +2 1 1
+6 * 1
+2 * 1 0 0 0 0 0 0 0 0 1 1
0x19a60 +6 1 1 0 1 0 0 1

fl=(15) /usr/src/debug/glibc/glibc/elf/../sysdeps/x86/dl-get-cpu-features.c
fn=(34) _dl_x86_init_cpu_features
0x19280 37 1 0 0 1 0 0 1
+4 +2 1 1
+6 * 1
+2 * 1 0 0 0 0 0 0 0 0 1 1
+4 +2 1
cfi=(16)
cfn=(36)
calls=1 0x17d00 724 
* * 7287 846 502 98 27 9 98 27 9 1629 228

fl=(39)
fn=(116)
0x1c310 29 1 0 0 1 0 0 1
fi=(18)
+4 +2 1 1
fe=(39)
+6 +7 1
fi=(18)
+2 -7 1
+2 * 1
+5 * 1 0 0 0 0 0 0 0 0 1 1
fe=(39)
+2 +21 1
+2 * 1 1
fi=(18)
+9 -20 1 1
+6 * 1
+3 * 1 0 0 0 0 0 0 0 0 1
+2 +7 1 1 0 1 0 0 1
fe=(39)
+6 -1 1
fi=(18)
+2 +1 1
+2 * 1
+2 * 1
+6 * 1 0 0 0 0 0 0 0 0 1
+2 +1 1 1
+6 * 1
+2 * 1
+3 * 1 0 0 0 0 0 0 0 0 1
+2 +8 1
fe=(39)
+2 -5 1
fi=(18)
+5 +5 1
+5 * 1 0 0 0 0 0 0 0 0 1
+2 +3 1 1
+6 * 1
+2 * 1
+6 * 1 0 0 0 0 0 0 0 0 1
+2 +3 1
+3 * 1 0 0 0 0 0 0 0 0 1
fe=(39)
+2 -3 1 0 0 1 0 0 1
+6 * 1
+5 * 1
+5 * 1
+3 * 1

fl=(24) /usr/src/debug/glibc/glibc/elf/../sysdeps/nptl/dl-tls_init_tp.c
fn=(68) __tls_pre_init_tp
0x13f30 54 1 0 0 1 0 0 1
+4 * 1
+7 * 1
+4 * 1 0 0 1 0 0 1
+4 +3 1
+5 * 1
+5 * 1
+5 * 1
+4 * 1
+4 * 1
+4 * 1 0 1 0 0 1 0 0 1
+3 * 1 0 1
+4 * 1 0 1
+4 +5 1
+7 * 1 0 1
+7 +1 1 0 1
+7 +2 1 1

fn=(88) rtld_mutex_dummy
0x13f20 43 2
+4 +2 2
+2 * 2 2

fl=(29)
fn=(82)
0x25cc0 210 3 0 0 1 0 0 1
+4 +1 3
+3 +6 3
+4 +1 3 0 0 0 0 0 0 0 0 3 1
+2 +2 2 2
+3 +1 2
+4 +1 2 0 0 0 0 0 0 0 0 2 2
+28 +86 1
+3 +1 1 0 0 0 0 0 0 0 0 1
+2 +2 1
+3 +4 1 0 0 0 0 0 0 0 0 1
+2 +1 1
+3 +1 1 0 0 0 0 0 0 0 0 1 1
+2 +1 1 1 0 1 1 0 1 1
+2 +1 1 0 0 0 0 0 0 0 0 1 1
+12 +4 1 0 1 0 0 1 0 0 1
+2 +2 1 1
+34 +50 2 2
+5 +1 2 2
+5 +1 2 0 2
+3 +1 2 0 2 0 0 1 0 0 1
+4 +1 2 0 2 0 0 1 0 0 1
+5 +1 2 0 2
+5 +1 2 2
+4 +11 2 0 0 1 0 0 1
+7 +1 2 0 0 0 0 0 0 0 0 2
+2 +2 2 2
+4 +1 2
+4 +1 2 0 0 0 0 0 0 0 0 2 2

fn=(136)
0x25cb0 197 2 0 0 1 0 0 1
+4 +1 2
+3 +1 2
+3 +1 2
+13 +17 2
+4 +1 2 0 0 0 0 0 0 0 0 2 2
+37 +90 2
+3 +1 2 0 0 0 0 0 0 0 0 2 2
+45 +55 2 2
+5 +1 2 2
+3 +1 2 0 2
+3 +1 2 0 2
+5 +1 2 2

fl=(2)
fn=(166)
0x1ec80 642 1 0 0 1 0 0 1
+4 * 1 0 1
+1 +2 1
+2 -2 1
+3 * 1 0 1
+1 * 1
+3 * 1
+4 +2 1 1
+4 +1 1 1
+3 * 1 1
+4 -1 1
+7 * 1
+3 +1 1
+3 * 1
+2 * 1 0 1 0 0 1 0 0 1
cfi=(30) /usr/src/debug/glibc/glibc/elf/dl-load.c
cfn=(168) _dl_map_object
calls=1 0xa840 2189 
* * 636 121 72 24 1 8 24 1 8 75 33 3 1

fn=(2)
0x1f690 520 1 0 0 1 0 0 1
+4 * 1 0 1
+1 * 1
+3 * 1 0 1
+2 * 1 0 1
+2 * 1 0 1
+2 * 1 0 1
+2 * 1 0 1
+1 * 1
+4 * 1 0 1 0 0 1 0 0 1
+4 84 1
fi=(6) /usr/src/debug/glibc/glibc/elf/../sysdeps/x86_64/dl-machine.h
+2 -29 1
fe=(2)
+7 550 1 0 1 0 0 1 0 0 1
+7 -4 1 0 1 0 0 1 0 0 1
+7 84 1 0 0 1 0 0 1
+4 * 1
+3 * 1 0 1 0 0 1 0 0 1
+7 549 1
+7 * 1 0 1
fi=(3) /usr/src/debug/glibc/glibc/elf/./get-dynamic-info.h
+7 45 1 1 0 0 1 0 0 1
+7 * 1
+3 * 1 0 0 0 0 0 0 0 0 1
+6 * 1
+7 +23 1
+7 * 1
+12 * 17 0 17 0 0 7 0 0 7
+4 -23 17 17 0 0 4 0 0 4
+4 * 17
+4 * 17
+3 * 17 0 0 0 0 0 0 0 0 17 1
+2 +4 17 0 0 1 0 0 1
+4 * 17 0 0 0 0 0 0 0 0 17 10
+2 +3 5
+7 -1 5
+4 * 5 0 0 0 0 0 0 0 0 5
+2 +3 5
+5 * 5
+3 * 5
+4 * 5 0 0 0 0 0 0 0 0 5 1
+2 +1 4
+5 * 4
+3 * 4
+3 * 4
+5 +1 1 0 0 1 0 0 1
+3 * 1
+3 * 1
+3 * 1
+3 * 1 0 0 0 0 0 0 0 0 1 1
fi=(4) /usr/src/debug/glibc/glibc/elf/../sysdeps/generic/ldsodefs.h
+20 +23 1 1
fi=(3)
+7 +31 1 1 0 0 1 0 0 1
+7 -38 1
+2 * 1
+3 * 1 0 0 1 0 0 1 0 0 1
+6 +12 1 1
+7 * 1
+3 * 1 0 0 0 0 0 0 0 0 1 1
+6 +1 1 1 0 0 1 0 0 1
+7 * 1
+3 * 1 0 0 0 0 0 0 0 0 1 1
+6 +1 1 1
+7 * 1
+3 * 1 0 0 0 0 0 0 0 0 1
+2 * 1 0 1
+4 +1 1 1
+7 * 1
+3 * 1 0 0 0 0 0 0 0 0 1
+2 * 1 0 1 1 0 0 1
+4 +1 1 1
+7 * 1
+3 * 1
+3 * 1 0 0 0 0 0 0 0 0 1
+2 * 1 0 1
+4 +1 1 1
+7 * 1
+3 * 1 0 0 0 0 0 0 0 0 1 1
+6 +1 1 1
+7 * 1
+3 * 1 0 0 0 0 0 0 0 0 1
+2 * 1 0 1
+4 +1 1 1
+7 * 1
+3 * 1 0 0 0 0 0 0 0 0 1
+2 * 1 0 1 1 0 0 1
+4 +12 1 1
+7 * 1
+3 * 1
+3 * 1 0 0 0 0 0 0 0 0 1
+6 * 1 1
+4 * 1
+3 * 1 0 0 0 0 0 0 0 0 1 1
+6 +7 1
+3 * 1 0 0 0 0 0 0 0 0 1 1
+16 +13 1 1
+7 * 1 1 0 1 0 0 1
+5 * 1 0 0 0 0 0 0 0 0 1
+6 +6 1 1
+7 * 1
+3 * 1 0 0 0 0 0 0 0 0 1
+2 +1 1 1
+7 * 1 1
+5 * 1 0 0 0 0 0 0 0 0 1
+6 +3 1 1
+8 * 1 0 0 0 0 0 0 0 0 1
+6 +1 1 1
+7 * 1
+3 * 1 0 0 1 0 0 1 0 0 1
+6 +5 1 1
+7 * 1
+3 * 1 0 0 0 0 0 0 0 0 1
+2 * 1 1
+5 * 1 0 0 0 0 0 0 0 0 1
+6 +3 1 1
+7 * 1
+3 * 1 0 0 0 0 0 0 0 0 1
+2 * 1 1
+8 * 1 0 0 0 0 0 0 0 0 1
fe=(2)
+6 566 1
+3 * 1 0 0 0 0 0 0 0 0 1
+6 * 1 1 0 1 0 0 1
+4 * 1
+3 * 1
+4 * 1
+4 * 1 1
+7 * 1 1
+4 * 1
+3 * 1
+3 * 1 0 0 0 0 0 0 0 0 1 1
+33 * 2
+3 * 2
+4 * 2 0 2 0 0 2 0 0 2
+3 * 2
+4 * 2
+3 * 2 0 0 0 0 0 0 0 0 2
+6 * 5 5 0 1 2 0 1 2
+3 * 5
+2 * 5 0 0 0 0 0 0 0 0 5 2
+2 * 3
+3 * 3
+3 * 3 0 0 0 0 0 0 0 0 3 3
+28 * 13
+3 * 13
+4 * 13
+2 * 13 0 0 0 0 0 0 0 0 13
-2 * 3
+2 * 3 0 0 0 0 0 0 0 0 3
+2 * 16
+3 * 16
+4 * 16
+3 * 16
+11 * 16
+2 * 16 0 0 0 0 0 0 0 0 16 8
-2 * 9
+2 * 9 0 0 0 0 0 0 0 0 9 1
+2 * 12 0 12 0 0 4 0 0 4
+3 * 12
+3 * 12 0 0 0 0 0 0 0 0 12 3
+2 * 9
+4 * 9
fi=(3)
+8 59 1 0 0 1 0 0 1
+5 * 1
+3 * 1 0 0 1 0 0 1
+4 * 1 0 0 0 0 0 0 0 0 1 1
fe=(2)
+76 566 3 0 0 1 0 0 1
+4 * 3
+7 * 3
+3 * 3 0 0 0 0 0 0 0 0 3 2
+6 * 1 1
+7 * 1
fi=(4)
+4 79 1
fe=(2)
+2 566 1 1
+7 * 1
+2 * 1 0 1 0 0 1 0 0 1
fi=(4)
+4 79 1 0 0 1 0 0 1
+3 * 1
fe=(2)
+2 566 1 0 1
+4 * 1 0 1
+4 * 1 0 1
+4 * 1
+3 * 1 0 0 0 0 0 0 0 0 1
+2 * 1 1
+4 * 1
+2 * 1
+3 * 1 0 0 0 0 0 0 0 0 1
+2 * 1
+4 * 1
+3 * 1
+4 * 1 1
+7 * 1 1
+4 * 1
+5 * 1 1 0 1 0 0 1
+7 * 1
+5 * 1
+4 * 1 0 1
+4 * 1
+3 * 1 0 0 0 0 0 0 0 0 1 1
+10 * 1
+3 * 1 0 0 0 0 0 0 0 0 1 1
+90 * 1 0 0 1 0 0 1
+4 * 1 1 0 1 0 0 1
fi=(5) /usr/src/debug/glibc/glibc/elf/do-rel.h
+6 49 1 1
+5 +4 1
+3 -4 1
+4 -1 1
+5 +1 1
+4 +4 1 1
+7 * 1 1
+4 * 1
+4 * 1
+4 +3 1
+3 * 1 0 0 0 0 0 0 0 0 1 1
fe=(2)
-49 566 1 1
fi=(5)
+6 49 1 1
+5 +4 1
+3 -4 1
+4 -1 1
+5 +1 1
+4 +4 1 1
+7 * 1 1
+4 * 1
+4 * 1
+4 +3 1
+3 * 1 0 0 0 0 0 0 0 0 1 1
+54 -6 2 0 0 1 0 0 1
+4 * 2
+5 * 2
+4 * 2
+5 +11 2
+3 * 2 0 0 0 0 0 0 0 0 2 1
+2 * 1
+6 +2 1 1 0 1 0 0 1
fi=(6)
+4 273 1
+3 * 1
+3 * 1 0 0 0 0 0 0 0 0 1
fi=(5)
+2 63 1
+4 +2 1 1
+4 -1 1
+4 * 1
fi=(6)
+4 282 1
+2 * 1
+3 * 1 0 0 0 0 0 0 0 0 1
+2 * 1 1 0 0 1 0 0 1
+5 * 1 1
+5 * 1 1
+4 * 1
+4 * 1
+5 * 1 0 0 0 0 0 0 0 0 1
+2 * 1 1 0 1 0 0 1
+7 +4 1
+4 * 1 0 0 0 0 0 0 0 0 1 1
+8 +26 1
+4 * 1 0 0 0 0 0 0 0 0 1
+2 * 1
+4 * 1 0 0 0 0 0 0 0 0 1 1
fi=(5)
+13 61 1
+4 * 1
+3 * 1 0 0 0 0 0 0 0 0 1
fe=(2)
+2 566 2
+4 * 2
+4 * 2
+3 * 2 0 0 0 0 0 0 0 0 2 1
fi=(5)
+2 51 1 1 0 1 0 0 1
fi=(4)
+7 +28 1 1
+7 * 1
fe=(2)
+86 568 1 0 1 1 0 0 1
+7 455 1 0 1
cfi=(7) /usr/src/debug/glibc/glibc/elf/dl-minimal.c
cfn=(12) __rtld_malloc_init_stubs
calls=1 0x1c780 42 
* * 10 1 4 1 0 2 1 0 2
+5 +4 1
+7 * 1 1
+8 * 1
+5 * 1 0 0 1 0 0 1
+4 * 1 0 1
+7 84 1
+2 477 1
+7 84 1
+4 * 1
+3 * 1 0 1
+7 477 1 0 1
cfi=(8)
cfn=(14)
calls=1 0x124f0 25 
* * 27 8 6 3 1 0 3 1 0 3
+5 +1 1
+7 +4 1
+7 +9 1 0 1
+7 -13 1 0 1 1 0 0 1
+7 +19 1
+7 -17 1 0 1 0 0 1 0 0 1
+7 +2 1 0 1
+7 +15 1 1
+4 * 1 0 1
cfi=(9) /usr/src/debug/glibc/glibc/elf/../sysdeps/unix/sysv/linux/dl-sysdep.c
cfn=(16) _dl_sysdep_start
calls=1 0x1e560 102 
* * 32965 5508 1266 332 153 81 332 153 81 7505 795 25 17
fi=(3)
+44 62 1 0 0 1 0 0 1
+5 * 1
+3 * 1
+4 * 1 0 0 0 0 0 0 0 0 1
+6 +2 1
+5 * 1
+3 * 1
+3 * 1
+49 +39 1 0 0 1 0 0 1
+3 * 1 0 1
+4 * 1
fe=(2)

fn=(66) dl_main
0x1fe90 1357 1 0 0 1 0 0 1
+4 * 1 0 1
+1 196 1
+4 1357 1
+3 * 1 0 1
+2 * 1 0 1
+2 * 1 0 1
+2 * 1
+3 * 1 0 1
+2 * 1
+3 * 1 0 1
+1 * 1
+7 * 1 0 1 0 0 1 0 0 1
+6 * 1 0 1
+7 198 1 0 1 1 0 0 1
+11 301 1 0 1
+7 +1 1 0 1
+4 196 1 0 1
+7 +99 1 0 1
+4 * 1 0 1
+4 * 1 0 1
+4 1369 1 0 1 0 0 1 0 0 1
cfi=(24)
cfn=(68)
calls=1 0x13f30 54 
* * 17 1 5 2 0 1 2 0 1
+5 2735 1 1
+6 2512 1 1
+7 2735 1 0 1
+6 * 1 0 0 1 0 0 1
+2 * 1 0 0 0 0 0 0 0 0 1
+6 2583 1 0 1 0 0 1 0 0 1
+7 +2 1
+3 +15 1
+7 * 1
+7 -13 1
+7 * 1 0 1
cfi=(25) /usr/src/debug/glibc/glibc/elf/dl-environ.c
cfn=(70) _dl_next_ld_env_entry
calls=1 0x1bdc0 28 
* * 479 164 1 2 0 0 2 0 0 162 26
-7 * 1
+7 * 1 0 1
cfi=(25)
cfn=(70)
calls=1 0x1bdc0 28 
* * 6 3 0 0 0 0 0 0 0 1
+5 * 2
+3 * 2
+3 * 2 0 0 0 0 0 0 0 0 2 1
+2 +4 1 1
+3 * 1
+3 * 1 0 0 0 0 0 0 0 0 1
+2 -2 1
+2 +2 1
+2 * 1 0 0 1 0 0 1 0 0 1
+2 * 1
+8 * 1
+11 * 1
+11 +1 1
+4 -1 1 1
+4 * 1
+2 * 1 0 0 0 0 0 0 0 0 1
-10 +1 6
+4 -1 6 6
+4 * 6
+2 * 6 0 0 0 0 0 0 0 0 6
+2 * 7
+3 * 7 0 0 0 0 0 0 0 0 7 4
+2 +9 1
+4 * 1
+4 * 1 0 0 0 0 0 0 0 0 1
+2 * 1 1 0 0 1 0 0 1
+4 * 1 0 0 1 0 0 1
+3 * 1 0 0 0 0 0 0 0 0 0 0 1 1
+14 2712 1 1
+6 * 1
+2 * 1 0 0 0 0 0 0 0 0 1 1
+11 1379 1 1
+7 +1 1 1
+7 * 1
+7 -1 1 1
+3 * 1 0 1 1 0 0 1
+7 +1 1 1
+3 * 1 0 0 0 0 0 0 0 0 1 1
0x20231 2625 1 1 0 1 0 0 1
+6 * 1 0 0 0 0 0 0 0 0 1
+6 +10 1 1 0 1 0 0 1
+6 * 1 0 0 0 0 0 0 0 0 1 1
0x203b6 1647 1 0 0 1 0 0 1
+7 * 1
+3 * 1 0 0 1 0 0 1
+2 * 1
+2 * 1
+6 * 1
+3 * 1
+3 * 1 0 1
cfi=(26) /usr/src/debug/glibc/glibc/elf/dl-object.c
cfn=(72) _dl_new_object
calls=1 0xcca0 59 
* * 285 29 50 21 3 15 21 3 15 36 21 2 2
+5 * 1 0 1
+7 +2 1
+3 * 1 0 0 0 0 0 0 0 0 1
+6 +1 1 1
+7 +1 1 1
+7 +5 1
+2 -5 1 0 1
+8 +1 1 1 0 1 0 0 1
+7 -2 1
+3 * 1 0 1
+7 +2 1 1
+3 * 1 0 1
+7 +4 1 0 1
cfi=(26)
cfn=(86) _dl_add_to_namespace_list
calls=1 0xcc00 31 
* * 33 9 8 2 1 0 2 1 0 1 1 2 2
+5 +1 1 1
+7 * 1 0 0 0 0 0 0 0 0 1
+6 1095 1 1
+7 +1 1 1
+8 1362 1
+3 1123 1
+3 -21 1 1 0 1 0 0 1
+7 * 1 1 0 0 1 0 0 1
+8 +21 1
+4 -19 1 0 1
+7 +1 1 0 1
+7 +18 1
+4 -21 1 0 1
+7 +21 1
+3 * 1 0 0 0 0 0 0 0 0 1
+6 +1 1 0 1
+7 -1 1
+3 -25 1 0 0 1 0 0 1
+3 +22 1
+3 +4 1
+7 * 1
+3 * 1
+2 * 1 1 0 0 1 0 0 1
+2 * 1
+3 * 1 0 0 0 0 0 0 0 0 1
-5 * 13 13 0 0 6 0 0 6
+2 * 13
+3 * 13 0 0 0 0 0 0 0 0 13 4
+6 * 10
+2 * 10 0 0 0 0 0 0 0 0 10
+2 * 10
+3 * 10 0 0 0 0 0 0 0 0 10
+2 * 10 10 0 0 2 0 0 2
+4 * 10
+3 * 10 0 0 0 0 0 0 0 0 0 0 10 5
+3 +33 4 4
+7 * 4 4 0 0 1 0 0 1
+4 -1 4 4
+3 +1 4
+3 * 4 0 0 1 0 0 1
+3 * 4
+3 * 4
+3 -1 4
+3 +2 4 4
+7 * 4 0 0 0 0 0 0 0 0 4 2
+2 +1 1 0 1
+7 +2 1 1
+8 * 1
+4 * 1 0 0 0 0 0 0 0 0 1
-12 * 3 3
+8 * 3
+4 * 3 0 0 0 0 0 0 0 0 3
+2 +1 4
+3 * 4 0 0 0 0 0 0 0 0 4 1
+2 * 3
+3 * 3 0 0 0 0 0 0 0 0 3 2
+13 +4 4 4 0 1 3 0 1 3
+4 * 4
+3 +1 4 4
+7 * 4 0 0 0 0 0 0 0 0 4
+2 +1 4 0 4
+7 +4 4
+5 * 4
+3 -49 4
+4 * 4
+3 * 4 0 0 0 0 0 0 0 0 4 3
-7 * 5
+4 * 5
+3 * 5 0 0 0 0 0 0 0 0 5 4
+6 * 1 1
+7 * 1 0 1
+7 * 1 0 1
+7 * 1 1 0 1 0 0 1
+7 * 1
+3 * 1
+3 * 1
+4 +88 11
+5 * 11 0 0 0 0 0 0 0 0 11 7
+2 +6 1
+3 * 1
+5 * 1
+3 * 1 0 1
cfi=(30)
cfn=(90) _dl_process_pt_gnu_property
calls=1 0x7f70 842 
* * 54 13 2 7 0 0 7 0 0 13 1
+6 -7 14
+3 * 14 0 0 0 0 0 0 0 0 14 1
+6 +1 14 14
+5 +6 14
+4 -6 14
+3 * 14 0 0 0 0 0 0 0 0 14 6
fi=(31) /usr/src/debug/glibc/glibc/elf/../sysdeps/x86/dl-prop.h
+2 149 3 3 0 1 0 0 1
+8 * 3 0 0 0 0 0 0 0 0 3 3
fe=(2)
0x207b0 1128 1 0 0 1 0 0 1
+3 -5 1
+4 +5 1 1
+4 * 1 0 1
+3 -5 1 0 0 1 0 0 1
+3 * 1 0 0 0 0 0 0 0 0 1 1
+11 +21 1 1
+3 * 1 1 0 0 1 0 0 1
+4 -21 1
+4 +25 1
+6 -5 1 0 1
+7 +3 1
+7 * 1 0 1
+7 -23 1
+3 * 1 0 0 0 0 0 0 0 0 1 1
+11 +10 1 1 0 1 0 0 1
+3 * 1 1
+4 -10 1
+4 +10 1 0 1
+4 +1 1 1
+4 * 1 1
+8 * 1
+3 * 1
+3 * 1
+4 * 1
+3 * 1
+3 * 1
+3 * 1 0 1
+7 -11 1
+3 * 1 0 0 0 0 0 0 0 0 1 1
+16 +1 4 0 0 1 0 0 1
+6 * 4 0 0 0 0 0 0 0 0 4 1
+6 * 3
+6 * 3 0 0 0 0 0 0 0 0 3 2
+6 +80 1 1 0 0 1 0 0 1
+5 -81 1
+4 +81 1 1
+5 * 1 0 1
+7 -81 1
+3 * 1 0 0 0 0 0 0 0 0 1
+6 * 1 0 0 1 0 0 1
+22 +87 1
+3 * 1 1
+8 * 1 1
+8 +13 1 1
+7 * 1 1 0 0 1 0 0 1
+7 * 1
+3 * 1 0 0 0 0 0 0 0 0 1 1
+19 +3 1 1 0 1 0 0 1
+7 * 1 1
+8 * 1 0 0 0 0 0 0 0 0 1 1
+13 +2 1 1
+8 * 1 0 0 0 0 0 0 0 0 1
+6 1682 1 0 1
cfi=(32) /usr/src/debug/glibc/glibc/elf/dl-execstack-tunable.c
cfn=(96) _dl_handle_execstack_tunable
calls=1 0x4f20 24 
* * 33 7 3 2 2 0 2 2 0 5 2
fi=(4)
+5 96 1 1 0 1 0 0 1
+7 * 1
+3 * 1 0 0 0 0 0 0 0 0 1
+2 +3 1 1
+7 * 1
+2 * 1 1
+7 * 1 1
+8 +1 1 1
fe=(2)
+4 1688 1 1
+4 * 1
+3 * 1 0 0 0 0 0 0 0 0 1
+2 +1 1 1
+7 * 1
+3 * 1 1
+3 * 1 0 1
cfi=(33)
cfn=(100)
calls=1 0x26880 98 
* * 50 6 0 5 3 0 5 3 0 6 2 1 1
+5 * 1
+2 * 1 0 0 1 0 0 1 0 0 1
+2 +3 1 0 1 0 0 1 0 0 1
+7 +1 1 0 1
+11 +1 1 0 1
+10 +2 1 1
+5 * 1 0 0 0 0 0 0 0 0 1
+6 +1 1
+7 * 1 0 1
+4 +5 1 1
+7 * 1 0 0 0 0 0 0 0 0 1
+6 +2 1 0 0 1 0 0 1
+3 * 1 0 0 0 0 0 0 0 0 1
fi=(3)
+6 39 1 1
+7 * 1 1
+4 * 1
+3 * 1 0 0 0 0 0 0 0 0 1
+6 +6 1 1 0 0 1 0 0 1
+3 -2 1
+4 +2 1
+3 * 1 0 0 0 0 0 0 0 0 1 1
+15 +23 28 0 28 0 0 6 0 0 6
+4 -23 28 28 0 0 7 0 0 7
+4 * 28
+4 * 28
+3 * 28 0 0 0 0 0 0 0 0 28 1
+2 +4 28 0 0 1 0 0 1
+4 * 28 0 0 0 0 0 0 0 0 28 11
+2 +3 6
+7 -1 6
+4 * 6 0 0 0 0 0 0 0 0 6
+2 +3 6
+5 * 6
+3 * 6
+4 * 6 0 0 0 0 0 0 0 0 6 1
+6 +1 5
+5 * 5
+3 * 5
+3 * 5
fe=(2)
+9 1200 1 1 0 1 0 0 1
+3 -77 1
+4 +77 1 0 1
+6 -77 1
+3 * 1 0 0 0 0 0 0 0 0 1 1
fi=(3)
+39 72 1 1
+7 * 1 1 0 1 0 0 1
+3 * 1
+3 * 1 0 0 0 0 0 0 0 0 1 1
+25 +43 1 1
+5 * 1 0 0 0 0 0 0 0 0 1
+6 +7 1 1
+7 * 1 1
+5 * 1 0 0 0 0 0 0 0 0 1
+6 +1 1 1 0 1 0 0 1
+7 * 1 1
+7 * 1 1
+5 * 1 0 0 0 0 0 0 0 0 1
+6 +6 1 1
+7 * 1
+3 * 1 0 0 0 0 0 0 0 0 1 1
+27 +18 1 1
+7 * 1 1 0 1 0 0 1
+7 * 1
+3 * 1 0 0 0 0 0 0 0 0 1 1
+59 +15 1 1 0 1 0 0 1
+7 * 1 1
+7 * 1
+3 * 1 0 0 0 0 0 0 0 0 1
+2 +2 1 1
+4 * 1 0 1
+6 * 1
+2 +1 1
+2 * 1 0 0 0 0 0 0 0 0 1 1
+9 +9 1 1
+7 * 1 0 0 0 0 0 0 0 0 1
+6 +6 1
+3 * 1 0 0 0 0 0 0 0 0 1 1
+23 +4 1 1 0 1 0 0 1
+7 * 1 1
+8 * 1 0 0 0 0 0 0 0 0 1 1
fi=(4)
+13 -88 1 1
+7 * 1 1
+7 * 1 0 0 1 0 0 1
+3 * 1 0 0 0 0 0 0 0 0 1 1
fe=(2)
+59 1717 1 1 0 1 0 0 1
+7 * 1 0 1
cfi=(8)
cfn=(14)
calls=1 0x124f0 25 
* * 27 8 6 0 1 0 0 1 0 3
+5 +3 1 1
+4 * 1 0 0 0 0 0 0 0 0 1
fi=(34) /usr/src/debug/glibc/glibc/elf/./setup-vdso.h
+6 24 1 1
+8 * 1 0 0 0 0 0 0 0 0 1 1
fi=(37) /usr/src/debug/glibc/glibc/elf/./dl-main.h
0x2168b +85 1 1 0 1 0 0 1
+4 * 1 1
fi=(36) /usr/src/debug/glibc/glibc/elf/../sysdeps/unix/sysv/linux/dl-vdso-setup.h
+4 -55 1 0 1
fi=(37)
+7 +55 1 1
+4 * 1 1
+4 * 1 0 1
cfi=(30)
cfn=(112) _dl_init_paths
calls=1 0x7c00 680 
* * 1509 305 264 44 1 9 44 1 9 169 49 4 3
fe=(2)
+5 1745 1 1
+7 * 1
+2 * 1 0 1
cfi=(45)
cfn=(142)
calls=1 0x36b0 120 
* * 21 5 4 4 1 0 4 1 0 5 2
+5 +7 1 1
+8 -7 1 0 1 1 0 0 1
+7 +2 1 0 1
+7 +5 1 0 0 0 0 0 0 0 0 1 1
+6 +4 1 1
+7 +1 1 1
+7 +2 1 0 1
+7 -3 1
+3 * 1
+3 * 1 0 1
+6 +1 1 1
+7 * 1 0 1
+4 +3 1 0 1 1 0 0 1
+8 1253 1 1 0 0 1 0 0 1
+8 1758 1 0 1
+4 1253 1 0 0 0 0 0 0 0 0 1
+6 +1 1 1
+8 * 1 0 0 0 0 0 0 0 0 1
+6 +5 1 1
+7 -1 1 1
+7 -2 1
+7 * 1 1 0 1 0 0 1
+7 +13 1
+4 -11 1 0 1 0 0 1 0 0 1
+7 +1 1 0 1
+7 +3 1 0 1
+7 +7 1
+3 * 1
+3 * 1 0 0 0 0 0 0 0 0 1
+2 +4 1 1
+7 -5 1
+2 +5 1
+3 * 1
+3 * 1
+15 -3 8
+4 -1 8
+3 * 8 0 0 0 0 0 0 0 0 8 1
+2 +2 12 12 0 1 7 0 1 7
+3 * 12 0 0 0 0 0 0 0 0 12 6
+2 +2 4 4 0 0 2 0 0 2
+4 +1 4 4
+7 * 4 0 0 0 0 0 0 0 0 4
+2 -1 4
+3 * 4
+3 +2 4
+3 * 4 0 0 0 0 0 0 0 0 4 4
+14 +5 4 4 0 0 1 0 0 1
+4 -10 4
+4 +10 4
+5 * 4 0 0 1 0 0 1
+3 -11 4
+3 * 4 0 0 0 0 0 0 0 0 4 3
+2 * 1
+4 * 1
+21 +18 1
+4 +1 1 1
+6 * 1 0 0 0 0 0 0 0 0 1 1
+10 -1 1
+3 * 1 0 0 0 0 0 0 0 0 1 1
+16 223 1 1 0 1 0 0 1
fi=(4)
+7 79 1 1
fe=(2)
+7 224 1 1
+4 -1 1 1 0 0 1 0 0 1
+7 +1 1
fi=(4)
+2 79 1 0 1
fe=(2)
+6 224 1 1
+4 * 1
+3 * 1 0 0 0 0 0 0 0 0 1 1
0x218af 1774 1 1 0 1 0 0 1
+4 * 1 0 0 0 0 0 0 0 0 1
+6 1363 1 0 1 1 0 0 1
+11 1778 1
+6 +1 1 1
+8 * 1 0 0 0 0 0 0 0 0 1
+6 +24 1 0 1
cfi=(46)
cfn=(144)
calls=1 0x132c0 226 
* * 6 3 0 1 1 0 1 1 0 1
+5 * 1 0 1
fi=(47) /usr/src/debug/glibc/glibc/elf/../sysdeps/generic/dl-debug.h
+7 29 1 1
+7 * 1 1
+7 * 1
+3 * 1 0 0 0 0 0 0 0 0 1
+2 +1 1 1
+7 * 1 0 1 1 0 0 1
fe=(2)
+4 1809 1 1
+7 * 1
+5 * 1
+3 * 1 0 1
cfi=(45)
cfn=(148)
calls=1 0x3670 104 
* * 11 2 1 2 0 0 2 0 0 2 2
+5 +1 1
+1 +4 1 1
+7 * 1
+5 * 1 0 1
cfi=(49)
cfn=(152)
calls=1 0x199d0 29 
* * 5 2 0 2 0 0 2 0 0 1 1
+5 +5 1 1
+4 * 1 0 0 0 0 0 0 0 0 1
+6 +2 1
+3 +2 1 1
+5 * 1 0 0 0 0 0 0 0 0 1 1
0x21e88 225 1 0 0 1 0 0 1
+3 * 1 0 0 0 0 0 0 0 0 1
+6 -2 1 1
+7 * 1 1
+7 +2 1
+3 * 1 0 0 0 0 0 0 0 0 1 1
0x21f76 1765 1 1 0 1 1 0 1 1
+8 1290 1 1 0 1 1 0 1 1
+5 * 1 1
+5 * 1 0 1
+7 1765 1 0 0 0 0 0 0 0 0 1 1
fi=(3)
+99 56 1 0 0 1 0 0 1
+3 * 1
+3 * 1
+3 * 1
+3 * 1 0 0 1 0 0 1 0 0 1
+6 +3 1
+5 * 1
+3 * 1
+4 * 1 0 0 0 0 0 0 0 0 1 1
fi=(35) /usr/src/debug/glibc/glibc/elf/../sysdeps/unix/sysv/linux/dl-vdso.h
0x220f4 -19 1 0 0 1 0 0 1
+7 * 1 1 0 1 0 0 1
+7 +1 1
+4 * 1 0 1
+7 * 1
+3 * 1 0 0 0 0 0 0 0 0 1
fi=(36)
+6 -11 1 0 1
+11 +3 1 0 1
+11 +3 1 0 1
+11 +3 1 0 1 1 0 0 1
+11 +6 1 0 1
fi=(35)
+11 +10 1
+2 * 1
fi=(3)
0x225f7 +17 1 1 0 1 0 0 1
+7 * 1 1 0 1 0 0 1
+7 * 1 0 0 0 0 0 0 0 0 1
+6 +12 1 1
+4 * 1
+3 * 1 0 0 0 0 0 0 0 0 1 1
+6 +1 1 1
+7 * 1 1
+4 * 1
+3 * 1 0 0 0 0 0 0 0 0 1
+2 * 1 0 1
+4 +1 1 1
+7 * 1 1
+4 * 1
+3 * 1 0 0 0 0 0 0 0 0 1
+2 * 1 0 1
+4 +1 1 1 0 1 0 0 1
+7 * 1 1
+4 * 1
+3 * 1 0 0 0 0 0 0 0 0 1
+2 * 1 0 1
+4 +1 1 1
+7 * 1 1 0 0 1 0 0 1
+7 * 1
+3 * 1 0 0 0 0 0 0 0 0 1 1
+6 +1 1 1
+7 * 1 1
+7 * 1
+3 * 1 0 0 0 0 0 0 0 0 1
+2 * 1 0 1 1 0 0 1
+4 +1 1 1
+7 * 1 1
+7 * 1
+3 * 1 0 0 0 0 0 0 0 0 1
+2 * 1 0 1
+4 +1 1 1
+7 * 1 1
+7 * 1
+3 * 1 0 0 0 0 0 0 0 0 1
+2 * 1 0 1
+4 +12 1 1
+7 * 1 1
+4 +7 1 1 0 1 0 0 1
+7 -7 1
+3 * 1 0 0 0 0 0 0 0 0 1
+6 * 1 1
+4 * 1
+3 * 1 0 0 0 0 0 0 0 0 1
+2 * 1
+3 * 1 0 1
+4 +7 1
+3 * 1 0 0 0 0 0 0 0 0 1 1
fe=(2)
0x2287d 1755 1 1 0 1 0 0 1
+7 * 1 1
+3 * 1 0 1
+7 * 1
fi=(3)
0x22c03 62 1 0 0 1 0 0 1
+5 * 1
+3 * 1
+4 * 1 0 0 0 0 0 0 0 0 1
+6 +2 1
+5 * 1
+3 * 1
+3 * 1
fe=(2)
0x22cd3 2635 1 1 0 1 0 0 1
+7 * 1 0 0 0 0 0 0 0 0 1
+6 +2 1
+4 * 1 0 1
+4 +1 1
0x22f5f 84 1 0 0 1 0 0 1
+2 1827 1 1
+7 * 1 1
+4 84 1
+4 * 1
+3 * 1
+3 1827 1
+7 * 1 0 1 1 0 0 1
cfn=(154) handle_preload_list
calls=1 0x1fd70 853 
* * 1040 256 144 46 5 18 46 5 18 108 48 4 2

fn=(158) do_preload
0x1ed60 788 1 0 1 1 0 0 1
+1 +12 1
+7 -12 1
+3 * 1 0 1
+2 * 1
+3 * 1 0 1
+2 +12 1
+4 * 1
+4 -12 1 0 1
+1 * 1
+3 * 1 0 0 1 0 0 1
+4 +6 1 0 1
+4 +6 1
+4 -2 1 1
+7 -3 1 0 1
+4 +5 1
+4 -10 1 0 1
+8 +6 1 0 1
+7 +4 1 0 1
cfi=(51)
cfn=(160)
calls=1 0x2580 258 
* * 721 134 99 33 3 12 33 3 12 78 34 4 2

fn=(154)
0x1fd70 853 1 0 0 1 0 0 1
+4 * 1 0 1
+1 * 1
+3 * 1 0 1
+2 * 1 0 1
+2 * 1 0 1
+2 * 1 0 1
+2 * 1 0 1 1 0 0 1
+1 * 1
+7 * 1 0 1 0 0 1 0 0 1
+5 * 1
+4 +5 1 1
+3 * 1 0 0 0 0 0 0 0 0 1
+6 * 1 0 1
+7 * 1
+3 * 1
+3 -4 1
+3 * 1
+13 +17 1
+3 182 1 1
+6 873 1 1
+3 * 1
+4 182 1
+2 * 1 0 0 0 0 0 0 0 0 1
+6 875 1 1
+7 * 1 0 0 0 0 0 0 0 0 1
+2 +1 1 1
+7 * 1
+3 * 1
+7 * 1 0 1
cfn=(158)
calls=1 0x1ed60 -88 
* * 740 135 108 35 3 12 35 3 12 78 34 4 2
+13 -15 1 0 0 1 0 0 1
+7 * 1
+3 * 1 0 1 1 0 0 1
cfi=(50)
cfn=(156)
calls=1 0x27d00 32 
* * 238 111 20 6 2 4 6 2 4 22 12
+6 * 1
+3 +1 1
+4 * 1
+6 * 1 0 0 0 0 0 0 0 0 1
+2 +2 1
+3 * 1
+3 * 1
+7 * 1 0 1
cfi=(29)
cfn=(82)
calls=1 0x25cc0 210 
* * 19 5 4 1 0 1 1 0 1 4 2
+6 +1 1 0 1
+9 * 1

fl=(9)
fn=(18) _dl_sysdep_parse_arguments
0x1d640 78 1 0 1 1 0 0 1
+1 +2 1
+4 -2 1
+3 * 1 0 1 0 0 1 0 0 1
+2 * 1 0 1
+2 * 1 0 1
+2 * 1 0 1
+2 * 1 0 1
+1 * 1
+7 +1 1 1 0 0 1 0 0 1
+4 +1 1 0 1
+7 -1 1 0 1
+6 +2 1
+2 * 1
+5 * 1 0 1 0 0 1 0 0 1
+7 +2 1 1
+4 * 1 0 0 0 0 0 0 0 0 1
+2 * 1
+3 -1 1 0 0 1 0 0 1
+4 +1 1 1
+4 * 1 0 0 0 0 0 0 0 0 1 1
-8 -1 74
+4 +1 74 74 0 0 10 0 0 10
+4 * 74 0 0 0 0 0 0 0 0 74 9
+2 +7 1
+2 * 1
+7 * 1
+5 * 1 0 1 0 0 1 0 0 1
* * 52 0 51 0 0 6 0 0 6 52 10
fi=(10) /usr/src/debug/glibc/glibc/elf/../sysdeps/unix/sysv/linux/dl-parse_auxv.h
+3 -48 1 1
fe=(9)
+4 +44 1
fi=(10)
+4 -53 1
fe=(9)
+7 +53 1 0 1 0 0 1 0 0 1
fi=(10)
+7 -53 1 0 1
+7 +1 1 0 1 1 0 0 1
+11 +1 1 0 1
+11 +7 1
+3 * 1 0 0 0 0 0 0 0 0 1
+6 * 1
+9 +1 1
+4 * 1 0 0 0 0 0 0 0 0 1
-4 * 21
+4 * 21 0 0 0 0 0 0 0 0 21
+2 +1 22 22 0 0 5 0 0 5
+4 * 22 0 22
+8 -2 22 22
+4 * 22
+4 * 22
+3 * 22 0 0 0 0 0 0 0 0 22 6
+2 +13 1 1 0 1 0 0 1
+7 +10 1
fe=(9)
+5 +29 1 1
fi=(10)
+6 -27 1
fe=(9)
+6 +26 1 1
+7 +2 1 1
fi=(10)
+7 -40 1 0 1
+7 +2 1 1
fe=(9)
+7 +37 1 0 1
fi=(10)
+6 -47 1 1
+7 +10 1 0 1 1 0 0 1
+7 +8 1 1
+7 -17 1 1
+7 +1 1 1
+7 +16 1
+3 -15 1 1
+7 +1 1 1
+7 +14 1
+4 +2 1 1
+7 -15 1 1
+7 +1 1 1 0 1 0 0 1
+7 +1 1 1
+8 * 1 1
+8 +13 1
+3 * 1 1
+4 * 1
+4 -18 1 0 1
+7 +6 1 1
+7 -5 1 0 1
+7 +5 1 0 1
+7 +2 1 1 0 1 0 0 1
+7 -6 1 0 1
+7 +6 1 0 1
fe=(9)
+7 +37 1 1
fi=(10)
+6 -42 1 0 1
+7 -4 1 0 1 0 0 1 0 0 1
+7 +5 1 0 1
+7 +1 1 0 1
+8 -8 1 0 1
+7 +21 1 0 1 1 0 1 1 0 1
+7 -20 1 0 1
+7 +18 1 0 1
fe=(9)
+6 +28 1 0 1
+3 +1 1 0 1
+3 +1 1 0 1
+4 +1 1
+7 * 1 1
+1 * 1 1
+2 * 1 1
+2 * 1 1
+2 * 1 1
+2 * 1 1
+1 * 1 1

fn=(16)
0x1e560 102 1 0 0 1 0 0 1
+4 * 1 0 1
+1 * 1
+3 * 1 0 1 0 0 1 0 0 1
+1 * 1
+3 +4 1
+4 -4 1
+4 +1 1 0 1
+7 +3 1 0 1
cfn=(18)
calls=1 0x1d640 -28 
* * 538 149 106 8 16 12 8 16 12 173 26
+5 +4 1 1 0 1 0 0 1
+7 * 1 0 1
cfi=(11)
cfn=(22)
calls=1 0x14680 294 
* * 20239 3416 33 10 48 4 10 48 4 4878 285
+5 +3 1 0 1
cfi=(13) /usr/src/debug/glibc/glibc/elf/dl-sort-maps.c
cfn=(26) _dl_sort_maps_init
calls=1 0x126c0 289 
* * 32 7 4 4 2 0 4 2 0 3 2
+5 +2 1
+2 * 1 0 1
cfi=(14)
cfn=(30)
calls=1 0x23a50 -79 
* * 8 1 1 1 0 1 1 0 1 1
fi=(6)
+5 +94 1 0 1
cfi=(15)
cfn=(34)
calls=1 0x19280 37 
* * 7292 847 502 99 27 9 99 27 9 1630 229
fe=(9)
+5 -87 1 1
+7 * 1
+3 * 1 0 0 0 0 0 0 0 0 1
+2 +1 1 0 1
cfi=(22)
cfn=(62)
calls=1 0x27ee0 -66 
* * 17 2 0 2 1 0 2 1 0 2
+5 * 1 0 1
+7 +2 1
+2 * 1 0 1
cfi=(23)
cfn=(64)
calls=1 0x24380 -88 
* * 13 3 1 2 0 0 2 0 0 2 1
+5 * 1 0 0 1 0 0 1
+7 * 1
+3 * 1 0 0 0 0 0 0 0 0 1
+2 +12 1 1
+6 * 1
+2 * 1 0 0 0 0 0 0 0 0 1
+2 +3 1 1
+3 * 1 1
+4 * 1
+4 * 1 1
+7 * 1 0 1 0 0 0 0 0 0 0 0 1 1
cfi=(2)
cfn=(66)
calls=1 0x1fe90 1357 
* * 4793 1077 607 203 59 54 203 59 54 813 252 24 16

fl=(30)
fn=(180) _dl_dst_count
0x7360 228 1 0 0 1 0 0 1
+4 * 1 0 1
+1 +3 1
+5 -3 1
+3 * 1 0 1
+2 +7 1
+3 -7 1 0 1
+1 +3 1 0 1
cfi=(42)
cfn=(126)
calls=1 0x26650 32 
* * 48 6 0 3 0 0 3 0 0 3 2
+5 +3 1
+3 * 1 0 0 0 0 0 0 0 0 1
+2 +20 1
+3 * 1 1 0 1 0 0 1
+1 * 1 1
+2 * 1 1
+1 * 1 1

fn=(90)
0x7f70 842 1 0 0 1 0 0 1
+4 +8 1 1
+5 * 1 0 0 0 0 0 0 0 0 1
+6 -6 1 1 0 1 0 0 1
+4 +12 1
+4 * 1 0 0 0 0 0 0 0 0 1
+6 -13 1 1
+3 +13 1
+5 -13 1 1
+4 * 1
+3 +13 1
+3 * 1
+69 +3 1 1 0 1 0 0 1
+2 * 1
+3 * 1 0 0 0 0 0 0 0 0 1
+2 +1 1 1
+4 * 1 0 0 0 0 0 0 0 0 1
+2 +1 1 1
+7 * 1 0 0 0 0 0 0 0 0 1
+2 +3 1 1
+3 * 1
+3 * 1 0 0 1 0 0 1 0 0 1
+6 +1 1
+2 * 1
+3 * 1 0 0 0 0 0 0 0 0 1
+6 +4 1
+4 +1 1
+4 * 1
+71 +4 1 0 0 1 0 0 1
+2 * 1 1
+2 +4 1
+2 * 1 0 0 0 0 0 0 0 0 1
+2 -3 1 1
+3 +6 1
+4 +1 1
+4 * 1
+3 * 1 0 0 0 0 0 0 0 0 1
fi=(31)
+2 95 1
+3 * 1 0 0 1 0 0 1
+7 * 1
+7 * 1 0 0 0 0 0 0 0 0 1
+2 +7 1
+3 * 1 0 0 0 0 0 0 0 0 1
+2 +16 1 1
+3 -3 1
+6 * 1 0 0 0 0 0 0 0 0 1
+2 252 1
+2 * 1 0 0 0 0 0 0 0 0 1 1
+97 +5 1 1 0 1 0 0 1
+7 -4 1 0 1
+6 +4 1
+3 * 1
+3 * 1 0 1
+6 +3 1 1
fe=(30)

fn=(168)
0xa840 2189 1 0 0 1 0 0 1
+4 * 1 0 1
+1 * 1
+3 * 1 0 1
+2 * 1
+3 * 1 0 1
+2 * 1
+3 +1 1
+3 -1 1 0 1
+2 * 1
+3 * 1 0 1
+2 * 1
+3 * 1 0 1
+1 * 1
+3 * 1
+4 +1 1 0 1 0 0 1 0 0 1
+4 * 1 0 1
cfn=(170) _dl_lookup_map
calls=1 0x9bf0 1893 
* * 327 78 18 7 1 1 7 1 1 48 24 2
+5 +1 1 1
+4 * 1
+3 * 1 0 0 0 0 0 0 0 0 1 1
+25 +3 1 0 0 1 0 0 1
+4 -1 1
+3 * 1
+3 * 1
+3 * 1
+3 * 1
+3 +1 1 1
+1 * 1 1
+2 * 1 1
+2 * 1 1
+2 * 1 1
+2 * 1 1
+1 -1 1
cfn=(176) _dl_map_new_object
calls=1 0x9d00 1928 
* * 276 36 46 15 0 6 15 0 6 26 8 1 1

fn=(170)
0x9bf0 1893 1 0 0 1 0 0 1
+4 * 1 0 1
+1 * 1
+3 * 1 0 1
+2 * 1 0 1
+1 * 1
+4 +1 1 0 0 1 0 0 1
+3 * 1 0 0 0 0 0 0 0 0 1
+6 +1 1 1 0 0 1 0 0 1
+7 * 1 0 0 0 0 0 0 0 0 1
+6 +3 1
+4 * 1
+7 * 1
+3 * 1 1
+4 * 1
+3 * 1 0 0 0 0 0 0 0 0 1 1
+22 * 2 2
+4 * 2
+3 * 2 0 0 0 0 0 0 0 0 2 2
+6 +5 2 2 0 1 0 0 1
+7 * 2 2
+7 * 2
+3 * 2
+3 * 2
+2 * 2
+2 * 2 0 0 0 0 0 0 0 0 2
+2 +2 2
+3 * 2
+3 * 2 0 2 0 0 1 0 0 1
cfi=(53)
cfn=(172)
calls=2 0xc950 68 
* * 225 51 11 2 0 0 2 0 0 29 18 2
+5 * 2
+2 * 2 0 0 0 0 0 0 0 0 2
+2 +2 2 2
+7 * 2 0 0 0 0 0 0 0 0 2
fi=(4)
+2 96 2 2 0 1 0 0 1
+7 * 2
+3 * 2 0 0 0 0 0 0 0 0 2 1
+2 +4 1 1
+4 -1 1 1
+4 * 1 1
+4 * 1
+2 * 1 1
+7 * 1 0 0 0 0 0 0 0 0 1
+2 +1 1
fe=(30)
+3 1907 1
+3 * 1 0 0 0 0 0 0 0 0 1
+2 +1 1
+3 * 1 0 1
+4 * 1 0 1
cfi=(33)
cfn=(100)
calls=1 0x26880 98 
* * 25 7 0 0 0 0 0 0 0 3 1
+5 * 1
+2 * 1 0 0 0 0 0 0 0 0 1 1
+48 +13 1 0 0 1 0 0 1
+4 -1 1
+2 +1 1
+3 * 1 1
+1 * 1 1
+2 * 1 1
+1 * 1 1

fn=(112)
0x7c00 680 1 0 0 1 0 0 1
+4 * 1 0 1
+1 * 1
+3 * 1 0 1
+2 * 1
+3 * 1
+3 * 1 0 1
+2 +14 1
+7 -14 1 0 1
+2 * 1
+3 * 1
+3 +14 1
+7 -14 1 0 1
+1 +14 1 0 1
cfi=(38)
cfn=(114)
calls=1 0x1bf80 171 
* * 1379 282 232 32 1 7 32 1 7 154 42 2 1
fi=(28)
+5 56 1
fe=(30)
+5 694 1 0 1
fi=(28)
+7 56 1 1 1 0 0 0 0 0 0 0 0 1 1
cfi=(27)
cfn=(78)
calls=1 0xc630 -20 
* * 18 3 3 0 0 0 0 0 0 3 1
fe=(30)
+6 699 1 0 1 1 0 1 1 0 1
+7 +2 1
+3 * 1 0 0 0 0 0 0 0 0 1
+6 +12 1
+10 * 1
+3 -4 1 1
+7 +4 1
+8 * 1
+3 * 1
+4 * 1
+4 * 1
fi=(28)
+4 56 1 1 1 1 0 0 1 0 0 0 0 1 1
cfi=(27)
cfn=(78)
calls=1 0xc630 -20 
* * 18 3 3 0 0 0 0 0 0 3 1
fe=(30)
+6 713 1 0 1
+4 +2 1 1
+7 * 1 1
+3 * 1
+3 * 1 0 0 0 0 0 0 0 0 1
+6 +17 1
+7 +9 1 1
+7 -19 1 0 1
+7 -1 1 0 1
+10 +11 1
+5 +3 1 0 0 1 0 0 1
+7 -5 1 0 1
+4 +5 1 0 1
+4 +1 1 0 1 0 0 1 0 0 1
+8 -4 1 0 1
+4 +9 1
+3 * 1 0 0 0 0 0 0 0 0 1
+2 +1 1
+4 * 1
+4 * 1
+2 * 1 0 1
cfi=(44)
cfn=(140)
calls=1 0x25eb0 137 
* * 14 1 2 3 0 0 3 0 0 2 2
+6 +2 1 0 1
+7 +12 1 1
+7 +3 1 0 0 1 0 0 1
+7 -8 1 0 1
+8 -1 1 0 1
+11 +9 1
+3 * 1
+4 +2 1 1
+7 * 1
+3 * 1
+2 * 1 0 0 0 0 0 0 0 0 1
+6 +2 1 1
+7 * 1
+3 * 1 0 0 0 0 0 0 0 0 1 1
+75 +36 1 0 0 1 0 0 1
+3 * 1 0 0 0 0 0 0 0 0 1 1
+9 +31 1 0 1
+11 +1 1
+4 * 1 1
+1 * 1 1
+2 * 1 1
+2 * 1 1
+2 * 1 1
+1 * 1 1
+75 -49 1 1 0 1 0 0 1
+7 -2 1 0 1 1 0 0 1
+11 +2 1
+3 * 1 0 0 0 0 0 0 0 0 1 1
0x7f0e +14 1 0 1 1 0 0 1
+11 * 1

fn=(176)
0x9d00 1928 1 0 0 1 0 0 1
+4 * 1 0 1
+1 * 1
+3 * 1 0 1
+2 * 1 0 1
+2 * 1
+3 * 1 0 1
+2 * 1
+3 * 1 0 1
+2 * 1
+3 * 1 0 1
+1 * 1
+3 * 1
+7 * 1 0 1 0 0 1 0 0 1
+6 * 1 0 1 0 0 1 0 0 1
+6 +10 1 1
+7 * 1 0 0 0 0 0 0 0 0 1 1
+11 +12 1 1 0 1 0 0 1
+6 -5 1 0 1
+7 -15 1 0 1
+11 +20 1
+2 * 1 0 0 0 0 0 0 0 0 1
+6 +14 1
+5 * 1
+3 * 1 0 1 0 0 1 0 0 1
cfi=(42)
cfn=(126)
calls=1 0x26650 32 
* * 24 3 0 0 0 0 0 0 0 2
+5 * 1
+3 * 1 0 0 0 0 0 0 0 0 1
+6 2116 1
+3 * 1 0 0 1 0 0 1 0 0 1
+6 -1 1
+3 * 1
+3 * 1 0 1
cfn=(178) expand_dynamic_string_token
calls=1 0x7580 375 
* * 171 30 20 8 0 2 8 0 2 16 6 1 1
+5 +6 1
+3 -7 1 0 1
+7 +1 1
+3 +2 1
+3 * 1 0 0 0 0 0 0 0 0 1
+6 +4 1
+7 * 1
+2 * 1
+6 * 1
+3 * 1
+3 * 1
+7 * 1 0 1 1 0 0 1
+7 * 1 0 1
cfn=(184) open_verify.constprop.0
calls=1 0x6780 1522 
* * 36 1 11 3 0 1 3 0 1 3 1

fn=(178)
0x7580 375 1 0 1 1 0 0 1
+1 * 1
+3 * 1 0 1
+2 * 1
+3 +10 1
+3 -10 1 0 1
+1 * 1
+3 * 1
+4 +10 1 0 1 0 0 1 0 0 1
cfn=(180)
calls=1 0x7360 228 
* * 63 10 4 5 0 0 5 0 0 4 2
+5 +3 1
+3 * 1 0 0 0 0 0 0 0 0 1
+2 +12 1
+4 -11 1
+3 +11 1 1
+1 * 1 1
+2 * 1 1
+1 -11 1
cfi=(54)
cfn=(182)
calls=1 0x27e80 40 
* * 91 17 12 2 0 1 2 0 1 11 4 1 1

fn=(184)
0x6780 1522 1 0 1 1 0 0 1
+1 * 1
+3 * 1 0 1
+2 * 1 0 1
+2 * 1
+3 * 1 0 1
+2 * 1 0 1
+2 * 1 0 1
+1 * 1
+3 * 1
+4 +32 1 1
+6 -32 1 0 1
+4 * 1 0 1
+4 +32 1
+2 * 1 0 0 0 0 0 0 0 0 1
+6 +19 1
+5 * 1
+3 * 1
+2 * 1 0 1 0 0 1 0 0 1
cfi=(55)
cfn=(186)
calls=1 0x24bb0 28 
* * 17 0 2 2 0 0 2 0 0 2 1

fl=(7)
fn=(12)
0x1c780 42 1 0 0 1 0 0 1
+4 +1 1
+7 * 1 0 1 0 0 1 0 0 1
+7 +1 1
+7 * 1 0 1 0 0 1 0 0 1
+7 +1 1
+7 * 1 0 1
+7 +1 1
+7 * 1 0 1
+7 +1 1 1

fl=(41)
fn=(124)
0x1c3a0 25 15
+4 * 15
+3 +1 15 15
+3 * 15
+3 * 15 0 0 0 0 0 0 0 0 15 3
+6 +4 12 12
+4 * 12 0 12
+3 +4 12 12 0 0 1 0 0 1
+3 * 12
+3 * 12 0 0 1 0 0 1 0 0 12 6
+2 * 6
+4 * 6
+4 * 6
+11 * 6
+11 +1 6 0 6
+3 * 6
+3 -1 6 6
+3 * 6
+4 * 6
+3 * 6 0 0 0 0 0 0 0 0 6
+2 +2 12
+2 * 12 0 0 0 0 0 0 0 0 12 3
+2 -11 9 0 9
+1 +16 9
+5 -16 9
+3 * 9 0 9
+1 * 9
+3 * 9
+4 +16 9 0 9
+4 * 9 0 9
cfi=(42)
cfn=(126)
calls=9 0x26650 -9 
* * 216 27 0 2 0 0 2 0 0 18
+5 +4 9 9
+4 * 9
+3 * 9
+3 -3 9
+3 * 9 0 0 0 0 0 0 0 0 9 3
+2 +1 6 0 6
+4 +3 6
+5 +1 6 6
+4 * 6 6
+1 * 6 6
+3 -20 6 0 0 1 0 0 1
+2 +20 6 6
+6 -4 3 0 3
cfi=(22)
cfn=(62)
calls=3 0x27ee0 +14 
* * 51 6 0 0 0 0 0 0 0 6
+5 * 3
+3 +3 3
+5 -3 3 0 3
+4 +4 3 3
+4 * 3 3
+1 * 3 3

fn=(122)
0x1c510 51 11 0 0 1 0 0 1
+4 * 11 0 11
+1 * 11
+3 * 11 0 11 0 0 1 0 0 1
+1 * 11
+3 * 11
+4 +3 11
+3 * 11 0 11 0 0 1 0 0 1
cfn=(124)
calls=11 0x1c3a0 -29 
* * 467 85 45 4 1 0 4 1 0 56 14
-3 * 3
+3 * 3 0 3
cfn=(124)
calls=3 0x1c3a0 -29 
* * 192 33 21 0 0 0 0 0 0 21
+5 * 14
+2 * 14 0 0 0 0 0 0 0 0 14 5
+2 +2 9 9
+3 +1 9
+2 * 9
+2 * 9 0 9
+3 +1 9
+2 * 9 0 0 0 0 0 0 0 0 9 2
+2 * 6 6
+4 * 6 6
+3 * 6 6
+4 * 6 0 6
cfn=(128) _dl_hwcaps_contains
calls=6 0x1c450 +8 
* * 30 6 0 2 0 0 2 0 0 6 4
+5 * 6
+2 * 6 0 0 0 0 0 0 0 0 6
+2 +4 11 11 0 1 0 0 1
+4 * 11 11
+1 * 11 11

fn=(128)
0x1c450 66 6 0 0 1 0 0 1
+4 +1 6
+3 * 6 0 0 0 0 0 0 0 0 6 4
0x1c4fd +1 6 0 0 1 0 0 1
+5 +9 6 6

fl=(25)
fn=(70)
0x1bdc0 28 2 0 0 1 0 0 1
+4 +1 2 2
+3 +3 2 2
+3 * 2
+3 * 2 0 0 0 0 0 0 0 0 2 1
+2 * 1 1
+17 * 74 74
+4 +13 74
+4 -13 74
+3 * 74 0 0 0 0 0 0 0 0 74
+2 +2 75 75
+3 * 75 0 0 0 0 0 0 0 0 75 19
+2 +1 11 11
+4 * 11 0 0 0 0 0 0 0 0 11 6
+2 * 1 1
+4 * 1 0 0 0 0 0 0 0 0 1
+2 +5 1 0 0 1 0 0 1
+4 -3 1
+4 +3 1 0 1
+3 +2 1 1

fl=(20)
fn=(52) intel_check_word.constprop.0
0x173a0 123 24 0 0 1 0 0 1
+2 * 24 0 0 0 0 0 0 0 0 24
+6 -4 24 0 24
+1 * 24
+3 +10 24
+5 * 24
+2 * 24
+3 +87 24
+7 -97 24
+3 * 24 0 24 1 0 0 1
+2 * 24 0 24
+2 +90 24
+6 -90 24 0 24
+2 * 24
+3 +10 24
+6 * 24
+4 -10 24 0 24
+1 +10 24
+4 +73 24 24
+7 * 24
+3 * 24 24
+7 -73 24
+4 +73 24
+3 * 24
+2 -69 24
+3 +2 24
+2 * 24 0 0 1 0 0 1 0 0 24 8
+67 -10 12
+2 246 12 12
+1 * 12 12
+2 * 12 12
+2 * 12 12
+2 * 12 12
+1 * 12 12
-8 * 12 12
+1 * 12 12
+2 * 12 12
+2 * 12 12
+2 * 12 12
+1 * 12 12
+18 -30 48 0 0 1 0 0 1
+3 * 48
+3 * 48
fi=(21) /usr/src/debug/glibc/glibc/elf/../bits/stdlib-bsearch.h
+5 28 48
+3 * 48
+3 * 48
fe=(20)
+4 +82 48 48 0 0 1 0 0 1
+3 * 48 0 0 0 0 0 0 0 0 48
fi=(21)
-13 -82 276
+3 * 276
+3 * 276
fe=(20)
+4 +82 276 276 0 0 5 0 0 5
+3 * 276 0 0 0 0 0 0 0 0 276
+2 +3 324 0 0 0 0 0 0 0 0 324 38
+2 * 264
fi=(21)
+3 -87 264
+3 * 264 0 0 0 0 0 0 0 0 264 34
-3 * 60
+3 * 60 0 0 0 0 0 0 0 0 60 14
fe=(20)
+2 131 48
+2 * 48
+3 * 48 0 0 0 0 0 0 0 0 48 2
+2 +2 36
+3 +2 36
+2 * 36 0 0 0 0 0 0 0 0 36
+6 * 60 0 0 1 0 0 1
+2 +8 60
+6 * 60 0 0 0 0 0 0 0 0 60 2
+2 +51 48
+3 * 48 0 0 0 0 0 0 0 0 48 8
fi=(21)
+33 44 60 0 0 1 0 0 1
+4 -1 60
+4 +3 60
+3 * 60
fe=(20)
+53 155 12 0 0 1 0 0 1
+5 * 12
+2 * 12
+2 +3 12
+2 * 12
+3 * 12 0 0 0 0 0 0 0 0 12
+6 +9 12
+3 * 12
+4 +1 12
+4 * 12
+4 +1 12
+4 * 12
+4 +1 12
+4 * 12
+4 -18 12
+2 * 12
+11 +12 12
+3 * 12 0 0 0 0 0 0 0 0 12
+2 +1 12
+4 * 12 0 0 0 0 0 0 0 0 12 4
+2 +22 21
+3 -32 21
+5 * 21
+2 * 21
+2 +3 21
+2 * 21
+3 * 21 0 0 0 0 0 0 0 0 21 1
+6 +4 32 0 0 1 0 0 1
+3 * 32
+3 +2 32
+3 * 32
+4 * 32
+3 * 32 0 0 0 0 0 0 0 0 32 7
+2 +3 20
+3 * 20 0 0 0 0 0 0 0 0 20 4
+2 * 9
+3 * 9 0 0 0 0 0 0 0 0 9 3
+2 +1 18
+3 * 18 0 0 0 0 0 0 0 0 18 4
+2 * 7
+3 * 7 0 0 0 0 0 0 0 0 7 4
+2 +1 15
+3 * 15 0 0 0 0 0 0 0 0 15 4
+2 * 4
+3 * 4 0 0 0 0 0 0 0 0 4 3
+2 +1 12
+3 * 12 0 0 0 0 0 0 0 0 12 5
+7 +2 11 0 0 1 0 0 1
+7 +2 11
+3 * 11 0 0 0 0 0 0 0 0 11 4
+2 +6 7
+4 * 7 0 0 0 0 0 0 0 0 7 3
+2 +3 4
+4 * 4 0 0 0 0 0 0 0 0 4
+6 +1 4
+6 * 4 0 0 1 0 0 1
+4 * 4
+42 -3 3
+3 * 3
+3 * 3
+14 -5 4 0 0 1 0 0 1
+2 +2 4
+2 +1 4
+3 -2 4
+3 -1 4
+3 +2 4
+6 * 4
+3 -2 4
+3 +3 4
+3 -2 4
+2 * 4
+6 * 4
+3 +2 4
+3 * 4
+3 * 4
+13 +11 1
+7 * 1

fn=(56)
0x16ef0 613 1 0 1 1 0 0 1
+1 * 1
+3 * 1
+3 * 1 0 1
+2 * 1
+3 * 1 0 1
+2 * 1 0 1
+2 * 1 0 1 1 0 0 1
+2 * 1
+3 * 1 0 1
+1 * 1
+3 +18 1 1
+3 +29 1 1
+6 -32 1 1
+6 +32 1
+6 -17 1
+3 * 1 0 0 0 0 0 0 0 0 1
+6 -11 1 1
+3 +28 1
+2 * 1 0 0 0 0 0 0 0 0 1
+6 +4 1
+3 * 1 0 0 0 0 0 0 0 0 1
+6 -26 1 0 1 1 0 0 1
+7 +31 1
+5 -14 1 0 1
+7 +17 1 0 1
+4 -32 1 1
+7 * 1
+2 * 1
+3 * 1 0 1
+4 +32 1
+3 * 1 0 1
+3 * 1
+8 +10 4
+2 * 4
+3 * 4
+3 * 4
+3 * 4 0 0 0 0 0 0 0 0 4 1
+6 * 3
+3 * 3 0 0 0 0 0 0 0 0 3 2
+2 +14 1
+4 * 1 0 0 0 0 0 0 0 0 1
+6 +4 1
+3 +3 1
+2 +1 1
+3 -4 1
+5 * 1 0 1
+3 +3 1
+2 * 1
+3 * 1 0 1
+3 +6 1
+2 * 1 0 0 0 0 0 0 0 0 1 1
+6 -37 3
+3 * 3
+5 * 3
+2 * 3
+2 +6 3
+4 * 3 0 0 0 0 0 0 0 0 3
-13 -6 1 0 0 1 0 0 1
+5 * 1
+2 * 1
+2 +6 1
+4 * 1 0 0 1 0 0 1 0 0 1
+2 +1 4
+2 * 4 0 0 0 0 0 0 0 0 4 4
+46 812 1
+3 * 1 0 0 0 0 0 0 0 0 1
+2 * 1
+2 * 1 0 0 0 0 0 0 0 0 1
+2 +1 1
+3 * 1
+2 * 1 0 0 1 0 0 1
+2 * 1
+3 * 1
+3 +4 1 1
+4 * 1 0 0 0 0 0 0 0 0 1 1
+27 +7 1 0 1
+3 +1 1 0 1
+4 +1 1 0 1
+3 +1 1 1
+1 * 1 1
+2 * 1 1
+2 * 1 1
+2 * 1 1
+2 * 1 1
+1 * 1 1
+53 687 1 0 0 1 0 0 1
+4 * 1 0 0 0 0 0 0 0 0 1
+6 +4 1
+3 +1 1
+3 -1 1 0 0 1 0 0 1
+5 * 1
+3 +18 1
+2 * 1 0 0 0 0 0 0 0 0 1 1
+6 -69 1 1
+7 * 1
+3 * 1 1
+4 * 1
+4 * 1
+4 * 1
+3 +75 1
+3 * 1 0 0 0 0 0 0 0 0 1
+6 * 1 1
+4 * 1 0 0 0 0 0 0 0 0 1
+6 +8 1
+3 +2 1 1 0 1 0 0 1
+4 -2 1
+3 * 1
+2 * 1 1
+4 * 1
+3 * 1
+2 +2 1
+3 * 1 0 0 0 0 0 0 0 0 1
+6 -2 1
+3 * 1
+3 +22 1 0 1
+4 * 1
+3 * 1
+3 * 1
+3 * 1
+3 +5 1
+6 * 1 0 0 0 0 0 0 0 0 1 1
+6 -21 1
+3 * 1
+5 * 1
+2 * 1
+2 +3 1
+6 +1 1
+6 * 1 0 0 0 0 0 0 0 0 1
-21 -4 1 0 0 1 0 0 1
+5 * 1
+2 * 1
+2 +3 1
+6 +1 1
+6 * 1 0 0 0 0 0 0 0 0 1
+2 * 2
+2 * 2 0 0 0 0 0 0 0 0 2
+2 +2 2
+6 * 2 0 0 0 0 0 0 0 0 2 1
+2 +3 1
+4 * 1 0 0 0 0 0 0 0 0 1
+6 +5 1
+4 +2 1
+6 * 1
+3 +1 1
+3 +1 1
+4 -2 1 0 0 1 0 0 1
+3 * 1
+3 +1 1
+3 -19 1
+3 * 1 0 0 0 0 0 0 0 0 1 1
-3 * 1
+3 * 1 0 0 0 0 0 0 0 0 1
+2 * 1
+3 * 1
+3 * 1
+3 * 1 1
+4 +46 1
+3 * 1 0 0 0 0 0 0 0 0 1
+6 +2 1 1
+3 -1 1
+4 +1 1
+2 * 1 0 0 0 0 0 0 0 0 1
+6 +2 1 1
+4 * 1 0 0 0 0 0 0 0 0 1
+6 -1 1
+3 * 1 0 1
+3 +25 1 1
+3 * 1
+5 * 1
+37 -48 1 0 0 1 0 0 1
+4 * 1 0 0 0 0 0 0 0 0 1
+6 -7 1
+3 +11 1 1 0 1 0 0 1
+4 * 1 0 0 0 0 0 0 0 0 1
+6 +3 1 1
+4 +2 1
+5 * 1
+3 * 1
+2 * 1
+2 +1 1
+2 * 1 0 1
+3 +5 1
+4 * 1

fn=(50)
0x17650 255 12 12 0 1 0 0 1
+7 * 12 0 0 0 0 0 0 0 0 12
+6 -5 12 0 12
+1 +17 12
+5 -17 12
+3 * 12 0 12
+2 * 12 0 12
+2 * 12 0 12
+2 * 12 0 12
+2 * 12
+3 * 12 0 12
+1 * 12
+4 +11 12 0 12
+4 +6 12
+2 * 12 0 12
+3 * 12 0 0 1 0 0 1
+3 +4 12
+2 * 12 0 0 0 0 0 0 0 0 12 9
+20 +34 12
+4 * 12 12
+1 * 12 12
+2 * 12 12
+2 * 12 12
+2 * 12 12
+2 * 12 12
+1 * 12 12
+10 -29 12
+2 +3 12
+4 * 12
+4 -3 12
+2 +3 12 0 12 1 0 0 1
cfn=(52)
calls=12 0x173a0 123 
* * 4140 420 60 6 6 0 6 6 0 1176 102
+5 +2 12
+3 * 12 0 0 0 0 0 0 0 0 12
+2 +3 12
+4 * 12
+4 * 12
+2 * 12
+3 * 12 0 12
cfn=(52)
calls=12 0x173a0 123 
* * 1319 96 60 5 0 0 5 0 0 232 50
+5 +2 12
+3 * 12 0 0 0 0 0 0 0 0 12 12

fl=(26)
fn=(86)
0xcc00 31 1 0 0 1 0 0 1
+4 * 1 0 1
+1 * 1
+3 * 1 0 1
+2 * 1
+3 +2 1
+7 -2 1 0 1
+1 * 1
+3 +2 1 1 1 0 0 0 0 0 0 0 0 1 1
cfi=(24)
cfn=(88)
calls=1 0x13f20 +10 
* * 3 1
+6 +2 1
+4 * 1
+7 * 1 1
+4 * 1
+3 * 1 0 0 0 0 0 0 0 0 1 1
+37 +11 1 0 0 1 0 0 1
+4 +1 1 1 0 0 1 0 0 1
+7 +3 1
+7 -4 1 0 1
+5 +1 1 0 1
+8 +1 1
+4 +3 1 1
+1 -3 1 0 1
+7 +3 1 1
+2 * 1 1
+1 -1 1 1 0 0 0 0 0 0 0 0 0 1 1
cfi=(24)
cfn=(88)
calls=1 0x13f20 -7 
* * 3 1
+13 -5 1 0 1
+4 * 1

fn=(72)
0xcca0 59 1 0 0 1 0 0 1
+4 * 1 0 1
+1 * 1
+3 * 1 0 1
+2 * 1
+3 * 1 0 1
+2 * 1 0 1 0 0 1 0 0 1
+2 * 1
+3 * 1 0 1
+2 * 1 0 1
+1 * 1
+4 * 1 0 1
+4 * 1 0 1 1 0 0 1
+3 * 1 0 1
+4 * 1 0 1
+4 +3 1
+7 * 1 0 0 0 0 0 0 0 0 1 1
+45 +21 1 0 1 1 0 1 1 0 1
fi=(28)
+4 -39 1
+5 * 1 1 1 0 0 0 0 0 0 0 0 1 1
cfi=(27)
cfn=(74)
calls=1 0xc780 +36 
* * 35 4 4 5 0 1 5 0 1 4 3 1 1
+6 * 1
fe=(26)
+3 +51 1
+3 * 1 0 0 0 0 0 0 0 0 1
+6 +5 1 1
+4 -2 1 0 1 0 0 1 0 0 1
+4 +6 1
+3 -4 1
+8 +4 1 1
+4 -5 1 0 1 0 0 1 0 0 1
+7 +4 1
+4 +1 1
+4 * 1 0 1 1 0 0 1
+4 -1 1 0 1
+4 +1 1 0 1
cfi=(29)
cfn=(82)
calls=1 0x25cc0 210 
* * 14 2 1 2 1 1 2 1 1 5 3
+6 * 1 1
+4 +15 1 1
+4 -15 1 0 1 0 0 1 0 0 1
+4 +2 1 0 1
+8 +13 1 1
+3 * 1 0 0 0 0 0 0 0 0 1
+6 +6 1
+4 +2 1 1 0 0 1 0 0 1
+8 * 1 0 1
+4 * 1 1
+4 * 1 0 0 1 0 0 1
+3 * 1
+3 * 1
+2 * 1 0 1
+7 +3 1 1
+7 * 1 0 0 0 0 0 0 0 0 1 1
+6 +6 1 1
+4 -4 1 0 1 0 0 1 0 0 1
+7 +4 1 0 1
+4 +3 1
+2 * 1 0 0 0 0 0 0 0 0 1
+2 * 1
+7 * 1
+4 * 1
+7 * 1 0 0 1 0 0 1
+3 * 1
+7 * 1
+1 * 1
+11 * 1
fi=(4)
+11 1389 1
+3 * 1
+3 * 1
fe=(26)
+4 139 1
+4 * 1
+4 +2 1 0 1 0 0 1 0 0 1
+3 -2 1
+3 * 1 0 0 0 0 0 0 0 0 1 1
fi=(4)
-24 1389 15
+3 * 15
+3 * 15
fe=(26)
+4 139 15
+4 * 15
+4 +2 15 0 15 0 0 3 0 0 3
+3 -2 15
+3 * 15 0 0 0 0 0 0 0 0 15 9
+2 +16 1 1
+5 * 1 0 0 1 0 0 1
+7 -5 1 0 1 0 0 1 0 0 1
+11 -1 1
+7 * 1 0 1
+7 +6 1 1 0 0 1 0 0 1
+4 * 1
+3 * 1 0 0 0 0 0 0 0 0 1 1
+72 +21 1 0 1 1 0 0 1
+3 +13 1 1
+4 -10 1
+7 * 1 0 1 1 0 1 1 0 1
+7 +10 1 1
+4 * 1
+3 * 1 0 0 0 0 0 0 0 0 1 1
0xcf4d +74 1
+4 * 1
+3 * 1 1
+1 * 1 1
+2 * 1 1
+2 * 1 1
+2 * 1 1
+2 * 1 1
+1 * 1 1
+2 131 1 0 1 1 0 1 1 0 1
+11 * 1
+29 +22 1 0 0 1 0 0 1
+2 +7 1
+3 * 1 0 0 0 0 0 0 0 0 1
+6 * 1
+7 * 1
0xd008 -96 1 0 0 1 0 0 1
+7 * 1 0 0 0 0 0 0 0 0 1 1
+73 +2 1 1 0 1 0 0 1
+3 * 1
+2 * 1 0 0 0 0 0 0 0 0 1
+6 +1 1 1
+5 * 1 0 0 0 0 0 0 0 0 1
+6 * 1 0 1
+8 * 1
+5 * 1
+5 * 1 0 0 1 0 0 1
+3 +10 1
+5 -6 1
+7 * 1

fl=(48)
fn=(150)
0x37c0 28 1 0 0 1 0 0 1
+4 +1 1 1

fl=(32)
fn=(96)
0x4f20 24 1 0 0 1 0 0 1
+4 * 1 0 1
+1 +1 1
+2 * 1
+5 -1 1
+3 * 1
+4 +1 1
+4 * 1 0 1
cfi=(11)
cfn=(28)
calls=1 0x14cf0 438 
* * 18 4 1 0 2 0 0 2 0 3 2
+5 * 1 1
+3 * 1 0 0 1 0 0 1
+2 * 1 0 0 0 0 0 0 0 0 1
+2 * 1
+3 * 1 0 0 0 0 0 0 0 0 1
+2 +14 1 1
+1 * 1 1

fl=(22)
fn=(62)
0x27ee0 57 5 0 0 1 0 0 1
+4 +44 5
+4 +1 5
+4 +1 5
+4 +1 5
+4 +1 5
+3 +1 5
+3 +1 5 0 0 1 0 0 1
+7 +2 5
+7 +2 5 0 0 0 0 0 0 0 0 5
+2 +31 5 5 0 0 1 0 0 1
+4 +1 5
+4 +1 5
+4 +1 5
+2 +1 5 0 0 0 0 0 0 0 0 5 1
+2 +1 4
+3 +2 4 4
+1 +4 1
+4 +1 1 1
+5 +1 1 1
+5 +1 1 1
+5 +1 1
+4 +1 1
+5 +1 1
+4 +1 1 0 0 1 0 0 1
+4 +1 1
+4 +1 1
+3 +1 1
+4 +1 1
+3 +5 1
+3 * 1
+3 * 1
+4 * 1
+3 * 1
+3 * 1 0 0 0 0 0 0 0 0 1
+2 * 1
+4 * 1 1

fl=(13)
fn=(26)
0x126c0 289 1 0 0 1 0 0 1
+4 * 1 0 1
+1 +1 1
+2 * 1
+5 -1 1
+3 * 1
+4 +1 1
+4 * 1 0 1
cfi=(11)
cfn=(28)
calls=1 0x14cf0 438 
* * 18 4 1 3 2 0 3 2 0 3 2
+5 +2 1
+2 * 1 1
+4 * 1
+3 -1 1 0 1
+6 +2 1 1
+1 * 1 1

totals: 33696 5590 1340 364 164 103 364 164 103 7662 842 25 17
